(256, 256)
[]
[]
[]
[]
[]
[]
[]
[]
[]
[]
[]
[]
[]
[]
[]
[]
[]
[]
[]
[(57, 65), (195, 203)]
[(54, 68), (193, 206)]
[(51, 71), (189, 209)]
[(49, 73), (187, 211)]
[(47, 75), (186, 213)]
[(46, 76), (184, 214)]
[(44, 77), (183, 216)]
[(43, 78), (182, 217)]
[(42, 79), (181, 218)]
[(41, 81), (180, 219)]
[(40, 81), (179, 220)]
[(40, 82), (178, 221)]
[(39, 83), (177, 221)]
[(38, 84), (176, 222)]
[(37, 85), (176, 223)]
[(37, 85), (175, 223)]
[(36, 86), (175, 224)]
[(35, 86), (174, 225)]
[(35, 87), (174, 225)]
[(35, 87), (173, 225)]
[(34, 88), (172, 226)]
[(34, 88), (172, 226)]
[(33, 88), (172, 227)]
[(33, 89), (171, 227)]
[(32, 89), (171, 228)]
[(32, 89), (171, 228)]
[(32, 90), (170, 228)]
[(32, 90), (170, 228)]
[(31, 90), (170, 229)]
[(31, 90), (170, 229)]
[(31, 90), (170, 229)]
[(31, 91), (169, 229)]
[(31, 91), (169, 229)]
[(31, 91), (169, 229)]
[(31, 91), (169, 229)]
[(30, 91), (169, 230)]
[(30, 91), (169, 230)]
[(30, 91), (169, 230)]
[(30, 91), (169, 230)]
[(30, 91), (169, 230)]
[(30, 91), (169, 230)]
[(30, 91), (169, 230)]
[(30, 91), (122, 138), (169, 230)]
[(30, 91), (119, 142), (169, 230)]
[(30, 91), (114, 147), (169, 230)]
[(31, 91), (111, 149), (169, 229)]
[(31, 91), (108, 152), (169, 229)]
[(31, 91), (107, 154), (169, 229)]
[(31, 91), (104, 157), (169, 229)]
[(31, 90), (102, 158), (170, 229)]
[(31, 90), (100, 160), (170, 229)]
[(32, 90), (99, 161), (170, 228)]
[(32, 90), (97, 163), (170, 228)]
[(32, 89), (96, 164), (171, 228)]
[(32, 89), (95, 165), (171, 228)]
[(33, 89), (93, 167), (171, 227)]
[(33, 89), (92, 168), (171, 227)]
[(33, 88), (91, 169), (172, 227)]
[(34, 88), (90, 170), (172, 226)]
[(34, 87), (89, 171), (173, 226)]
[(35, 87), (88, 172), (173, 225)]
[(35, 86), (87, 225)]
[(36, 225)]
[(36, 224)]
[(37, 223)]
[(38, 223)]
[(38, 222)]
[(39, 221)]
[(40, 220)]
[(41, 220)]
[(41, 219)]
[(43, 217)]
[(43, 217)]
[(45, 215)]
[(46, 76), (77, 183), (184, 214)]
[(48, 74), (76, 184), (186, 212)]
[(49, 73), (76, 185), (188, 211)]
[(52, 70), (75, 185), (190, 209)]
[(54, 68), (74, 186), (192, 206)]
[(74, 187)]
[(73, 187)]
[(73, 188)]
[(72, 188)]
[(72, 188)]
[(71, 189)]
[(71, 189)]
[(70, 190)]
[(70, 190)]
[(70, 190)]
[(69, 191)]
[(69, 191)]
[(68, 192)]
[(68, 192)]
[(68, 192)]
[(67, 193)]
[(67, 193)]
[(67, 193)]
[(66, 194)]
[(66, 194)]
[(66, 194)]
[(66, 194)]
[(65, 195)]
[(65, 195)]
[(65, 195)]
[(65, 195)]
[(65, 195)]
[(64, 196)]
[(64, 196)]
[(64, 196)]
[(64, 197)]
[(64, 197)]
[(64, 196)]
[(63, 197)]
[(63, 197)]
[(63, 197)]
[(63, 197)]
[(63, 197)]
[(63, 198)]
[(63, 198)]
[(63, 198)]
[(63, 198)]
[(63, 198)]
[(63, 198)]
[(63, 198)]
[(63, 198)]
[(63, 198)]
[(63, 198)]
[(63, 198)]
[(63, 198)]
[(63, 198)]
[(63, 198)]
[(63, 198)]
[(63, 198)]
[(63, 198)]
[(63, 198)]
[(63, 198)]
[(63, 197)]
[(63, 197)]
[(63, 197)]
[(63, 197)]
[(63, 197)]
[(64, 196)]
[(64, 196)]
[(64, 196)]
[(64, 196)]
[(64, 196)]
[(64, 196)]
[(65, 195)]
[(65, 195)]
[(65, 195)]
[(65, 195)]
[(66, 195)]
[(66, 194)]
[(66, 194)]
[(66, 194)]
[(67, 194)]
[(67, 193)]
[(67, 193)]
[(67, 193)]
[(68, 192)]
[(68, 192)]
[(69, 192)]
[(69, 191)]
[(69, 191)]
[(70, 190)]
[(70, 190)]
[(70, 190)]
[(71, 189)]
[(72, 189)]
[(72, 188)]
[(73, 188)]
[(73, 187)]
[(74, 187)]
[(74, 186)]
[(75, 186)]
[(75, 185)]
[(76, 184)]
[(76, 184)]
[(77, 183)]
[(77, 183)]
[(78, 182)]
[(79, 181)]
[(80, 180)]
[(81, 180)]
[(81, 179)]
[(82, 179)]
[(82, 178)]
[(84, 176)]
[(85, 176)]
[(85, 175)]
[(86, 174)]
[(87, 173)]
[(88, 172)]
[(89, 171)]
[(90, 170)]
[(92, 169)]
[(92, 168)]
[(94, 167)]
[(95, 165)]
[(96, 164)]
[(98, 162)]
[(99, 161)]
[(101, 159)]
[(102, 158)]
[(105, 155)]
[(107, 154)]
[(110, 151)]
[(111, 149)]
[(115, 145)]
[(119, 142)]
[]
[]
[]
[]
[]
[]
[]
[]
[]
[]
[]
[]
[]
[]
[]
[]
[]
[]
[]
[]
[]
[]
[]
[]
[]
[]
[]
