(256, 256)
[]
[]
[]
[]
[]
[]
[]
[]
[]
[]
[]
[]
[]
[]
[]
[]
[]
[]
[]
[]
[]
[]
[]
[]
[]
[]
[]
[]
[(114, 137)]
[(111, 141)]
[(107, 145)]
[(105, 146)]
[(102, 149)]
[(101, 151)]
[(98, 154)]
[(97, 155)]
[(95, 157)]
[(94, 158)]
[(92, 160)]
[(91, 161)]
[(89, 162)]
[(88, 164)]
[(87, 164)]
[(86, 166)]
[(85, 167)]
[(84, 168)]
[(83, 169)]
[(82, 170)]
[(81, 171)]
[(80, 171)]
[(80, 172)]
[(78, 174)]
[(77, 174)]
[(77, 175)]
[(76, 175)]
[(76, 176)]
[(75, 177)]
[(74, 178)]
[(73, 179)]
[(73, 179)]
[(72, 180)]
[(72, 180)]
[(71, 181)]
[(70, 181)]
[(70, 182)]
[(69, 182)]
[(69, 183)]
[(68, 183)]
[(68, 184)]
[(67, 184)]
[(67, 185)]
[(66, 186)]
[(66, 186)]
[(66, 186)]
[(65, 187)]
[(65, 187)]
[(64, 187)]
[(64, 188)]
[(64, 188)]
[(63, 189)]
[(63, 189)]
[(63, 189)]
[(62, 189)]
[(62, 190)]
[(62, 190)]
[(62, 190)]
[(61, 190)]
[(61, 191)]
[(61, 191)]
[(61, 191)]
[(61, 191)]
[(60, 192)]
[(60, 192)]
[(60, 192)]
[(60, 192)]
[(60, 192)]
[(60, 192)]
[(59, 193)]
[(59, 193)]
[(59, 193)]
[(59, 193)]
[(59, 193)]
[(58, 193)]
[(58, 193)]
[(58, 193)]
[(58, 193)]
[(58, 193)]
[(58, 193)]
[(58, 193)]
[(58, 193)]
[(58, 193)]
[(58, 193)]
[(58, 193)]
[(58, 193)]
[(58, 193)]
[(58, 193)]
[(58, 193)]
[(58, 193)]
[(58, 193)]
[(58, 193)]
[(58, 193)]
[(59, 193)]
[(59, 193)]
[(59, 193)]
[(59, 193)]
[(59, 193)]
[(60, 192)]
[(59, 192)]
[(59, 192)]
[(60, 192)]
[(60, 192)]
[(60, 192)]
[(61, 191)]
[(61, 191)]
[(61, 191)]
[(61, 191)]
[(61, 191)]
[(62, 190)]
[(62, 190)]
[(62, 190)]
[(62, 190)]
[(63, 189)]
[(63, 189)]
[(63, 189)]
[(64, 188)]
[(64, 188)]
[(64, 188)]
[(65, 187)]
[(65, 187)]
[(66, 186)]
[(66, 186)]
[(66, 186)]
[(67, 185)]
[(67, 185)]
[(68, 184)]
[(68, 184)]
[(68, 183)]
[(69, 183)]
[(69, 182)]
[(50, 64), (70, 182), (188, 202)]
[(47, 66), (71, 181), (186, 204)]
[(45, 68), (71, 180), (183, 207)]
[(44, 70), (72, 180), (182, 208)]
[(42, 72), (73, 179), (180, 210)]
[(41, 211)]
[(39, 213)]
[(39, 213)]
[(37, 215)]
[(36, 215)]
[(36, 216)]
[(35, 217)]
[(34, 218)]
[(33, 218)]
[(33, 219)]
[(32, 220)]
[(31, 220)]
[(31, 169), (170, 221)]
[(31, 83), (84, 168), (169, 221)]
[(30, 83), (85, 167), (169, 222)]
[(30, 84), (86, 166), (168, 222)]
[(29, 84), (87, 165), (168, 223)]
[(29, 85), (88, 164), (167, 223)]
[(29, 85), (89, 163), (167, 223)]
[(28, 85), (91, 161), (167, 224)]
[(28, 85), (92, 160), (167, 224)]
[(28, 86), (93, 159), (166, 224)]
[(28, 86), (95, 157), (166, 224)]
[(27, 86), (96, 156), (166, 225)]
[(27, 86), (98, 154), (166, 225)]
[(27, 87), (99, 152), (165, 225)]
[(27, 87), (102, 149), (165, 225)]
[(27, 87), (104, 148), (165, 225)]
[(27, 87), (107, 145), (165, 225)]
[(26, 87), (109, 142), (165, 226)]
[(26, 87), (114, 137), (165, 226)]
[(26, 87), (118, 134), (165, 226)]
[(26, 87), (165, 226)]
[(26, 87), (165, 226)]
[(26, 87), (165, 226)]
[(26, 87), (165, 226)]
[(26, 87), (165, 226)]
[(26, 87), (165, 226)]
[(26, 87), (165, 226)]
[(27, 87), (165, 225)]
[(27, 87), (165, 225)]
[(27, 87), (165, 225)]
[(27, 87), (165, 225)]
[(27, 86), (166, 225)]
[(27, 86), (166, 225)]
[(27, 86), (166, 225)]
[(28, 86), (166, 224)]
[(28, 86), (166, 224)]
[(28, 85), (167, 224)]
[(28, 85), (167, 224)]
[(29, 85), (167, 223)]
[(29, 84), (168, 223)]
[(30, 84), (168, 222)]
[(30, 84), (168, 222)]
[(31, 83), (169, 221)]
[(31, 82), (169, 221)]
[(31, 82), (170, 221)]
[(32, 81), (170, 220)]
[(33, 81), (171, 219)]
[(33, 80), (171, 219)]
[(34, 80), (172, 218)]
[(35, 79), (173, 217)]
[(35, 78), (174, 216)]
[(36, 77), (175, 216)]
[(37, 76), (175, 215)]
[(38, 75), (177, 214)]
[(39, 74), (178, 213)]
[(40, 73), (179, 212)]
[(42, 72), (180, 210)]
[(43, 70), (181, 209)]
[(45, 69), (183, 207)]
[(47, 67), (185, 205)]
[(50, 63), (188, 202)]
[(53, 61), (191, 199)]
[]
[]
[]
[]
[]
[]
[]
[]
[]
[]
[]
[]
[]
[]
[]
[]
[]
[]
