(256, 256)
[]
[]
[]
[]
[]
[]
[]
[]
[]
[]
[]
[]
[]
[]
[(170, 171)]
[(170, 172)]
[(169, 173)]
[(169, 174)]
[(169, 175)]
[(168, 175)]
[(168, 177)]
[(168, 178)]
[(167, 179)]
[(166, 180)]
[(166, 182)]
[(166, 183)]
[(165, 183)]
[(165, 185)]
[(165, 185)]
[(164, 187)]
[(164, 188)]
[(163, 189)]
[(163, 190)]
[(163, 191)]
[(163, 192)]
[(163, 193)]
[(163, 194)]
[(163, 195), (205, 206)]
[(163, 196), (205, 207)]
[(68, 72), (165, 197), (204, 208)]
[(65, 75), (167, 199), (204, 209)]
[(65, 75), (168, 200), (203, 210)]
[(63, 77), (167, 201), (203, 212)]
[(63, 78), (169, 201), (203, 212)]
[(60, 81), (155, 159), (171, 214)]
[(60, 81), (152, 159), (172, 215)]
[(60, 81), (151, 160), (173, 216)]
[(60, 82), (148, 162), (175, 217)]
[(59, 82), (147, 163), (175, 218)]
[(59, 82), (96, 98), (147, 164), (177, 218)]
[(58, 82), (96, 98), (146, 165), (177, 218)]
[(58, 83), (95, 99), (146, 166), (179, 218)]
[(58, 83), (95, 101), (145, 167), (179, 218)]
[(58, 83), (95, 102), (144, 168), (180, 217)]
[(57, 83), (94, 103), (144, 168), (182, 217)]
[(57, 83), (94, 105), (144, 168), (182, 217)]
[(57, 84), (94, 104), (144, 168), (184, 216)]
[(57, 84), (93, 106), (143, 169), (185, 216)]
[(57, 84), (93, 107), (143, 168), (186, 216)]
[(57, 84), (93, 109), (142, 169), (186, 215)]
[(56, 84), (92, 109), (142, 169), (189, 215)]
[(56, 85), (92, 111), (142, 169), (189, 215)]
[(56, 85), (91, 112), (141, 169), (190, 214)]
[(56, 84), (91, 113), (141, 169), (191, 214)]
[(57, 84), (91, 114), (141, 169), (192, 214)]
[(57, 84), (90, 115), (141, 170), (193, 214)]
[(57, 84), (90, 116), (126, 127), (141, 170), (194, 213)]
[(57, 83), (90, 116), (125, 128), (141, 170), (194, 213)]
[(58, 83), (89, 118), (124, 130), (142, 170), (194, 213)]
[(58, 83), (89, 119), (124, 130), (142, 170), (193, 212), (221, 223)]
[(58, 83), (89, 120), (124, 132), (142, 170), (193, 211), (220, 223)]
[(58, 82), (89, 121), (124, 132), (142, 170), (193, 211), (219, 224)]
[(58, 82), (91, 122), (123, 134), (142, 169), (193, 211), (217, 224)]
[(59, 82), (91, 122), (123, 134), (142, 169), (193, 211), (216, 224)]
[(59, 82), (92, 136), (143, 169), (193, 210), (215, 225)]
[(60, 81), (93, 136), (143, 168), (193, 210), (214, 225)]
[(60, 81), (95, 137), (143, 168), (195, 209), (213, 226)]
[(60, 81), (95, 136), (143, 167), (195, 209), (212, 226)]
[(60, 80), (97, 136), (143, 167), (197, 209), (212, 226)]
[(61, 79), (98, 136), (143, 167), (197, 209), (213, 226)]
[(63, 78), (99, 136), (144, 167), (198, 208), (213, 226)]
[(64, 75), (76, 77), (99, 100), (101, 135), (144, 166), (199, 208), (213, 227)]
[(66, 75), (101, 134), (145, 166), (200, 207), (213, 227)]
[(67, 74), (102, 134), (146, 165), (201, 207), (214, 228)]
[(69, 72), (103, 134), (147, 165), (203, 207), (214, 228)]
[(70, 71), (104, 133), (148, 164), (203, 206), (213, 228)]
[(105, 133), (149, 163), (205, 206), (213, 229)]
[(106, 133), (150, 162), (204, 205), (211, 229)]
[(65, 67), (108, 133), (151, 157), (158, 159), (211, 229)]
[(64, 67), (109, 132), (153, 154), (208, 230)]
[(64, 68), (110, 132), (208, 230)]
[(63, 69), (111, 131), (207, 230)]
[(63, 69), (111, 131), (206, 231)]
[(62, 70), (113, 131), (205, 231)]
[(61, 71), (114, 130), (203, 231)]
[(61, 72), (115, 130), (202, 231)]
[(61, 72), (115, 130), (201, 232)]
[(60, 73), (114, 129), (200, 232)]
[(59, 73), (114, 129), (198, 232)]
[(59, 74), (113, 129), (198, 232)]
[(58, 75), (113, 128), (195, 233)]
[(57, 75), (113, 128), (195, 233)]
[(57, 76), (113, 127), (193, 233)]
[(56, 77), (113, 127), (193, 234)]
[(56, 77), (114, 127), (192, 234)]
[(55, 78), (115, 126), (191, 234)]
[(55, 78), (116, 126), (190, 234)]
[(54, 79), (117, 126), (190, 234)]
[(54, 80), (119, 125), (147, 149), (190, 220), (222, 232)]
[(54, 81), (119, 125), (145, 151), (191, 220), (223, 232)]
[(55, 81), (121, 124), (144, 153), (191, 218), (223, 229)]
[(55, 82), (121, 124), (143, 156), (191, 218), (224, 229)]
[(56, 82), (143, 157), (192, 216), (224, 228)]
[(56, 83), (141, 158), (192, 215), (224, 226)]
[(57, 84), (141, 158), (193, 214), (224, 225)]
[(57, 84), (141, 158), (193, 213)]
[(56, 85), (140, 159), (193, 212)]
[(56, 84), (140, 159), (193, 209), (210, 211)]
[(55, 84), (140, 160), (194, 209)]
[(55, 84), (140, 160), (194, 207)]
[(54, 83), (140, 161), (195, 207)]
[(54, 82), (139, 161), (195, 204)]
[(52, 82), (139, 161), (195, 204)]
[(52, 81), (139, 161), (196, 203)]
[(52, 81), (139, 161), (196, 202)]
[(51, 80), (101, 106), (139, 160), (196, 200)]
[(50, 80), (99, 100), (101, 106), (107, 108), (139, 160), (197, 199)]
[(50, 79), (99, 106), (107, 109), (140, 160), (197, 198)]
[(49, 78), (97, 110), (140, 160), (197, 198)]
[(49, 78), (96, 112), (141, 160)]
[(48, 77), (95, 113), (141, 159)]
[(47, 77), (92, 117), (141, 159)]
[(47, 76), (91, 117), (141, 159)]
[(46, 68), (70, 76), (90, 119), (142, 159)]
[(45, 67), (70, 75), (90, 120), (143, 157), (177, 179), (180, 181), (183, 184), (186, 187)]
[(45, 67), (71, 75), (90, 120), (144, 157), (176, 188)]
[(45, 66), (72, 74), (90, 121), (148, 155), (175, 188)]
[(44, 66), (72, 74), (90, 121), (148, 155), (175, 189)]
[(44, 65), (89, 121), (173, 190), (212, 214)]
[(43, 65), (89, 122), (173, 190), (212, 214)]
[(42, 64), (89, 122), (172, 191), (212, 216)]
[(42, 64), (89, 122), (172, 192), (211, 216)]
[(41, 62), (89, 122), (171, 193), (211, 217)]
[(41, 62), (88, 123), (171, 193), (211, 218)]
[(40, 62), (88, 123), (170, 194), (210, 218)]
[(39, 61), (88, 123), (169, 194), (210, 220)]
[(39, 60), (88, 124), (169, 195), (209, 221)]
[(38, 60), (88, 124), (169, 195), (209, 222)]
[(37, 59), (88, 124), (169, 196), (208, 223)]
[(37, 59), (88, 124), (168, 196), (208, 223)]
[(37, 57), (87, 125), (168, 196), (207, 225)]
[(36, 57), (86, 125), (168, 196), (207, 225)]
[(35, 57), (86, 125), (168, 196), (207, 225)]
[(35, 57), (86, 125), (168, 196), (206, 225)]
[(34, 56), (86, 125), (169, 195), (206, 225)]
[(33, 55), (86, 125), (169, 195), (206, 224)]
[(33, 55), (86, 124), (168, 195), (205, 224)]
[(32, 54), (87, 124), (168, 195), (205, 224)]
[(32, 53), (88, 124), (168, 195), (204, 223)]
[(31, 53), (88, 124), (168, 195), (204, 223)]
[(30, 53), (88, 124), (145, 147), (169, 195), (204, 222)]
[(30, 52), (88, 124), (144, 147), (148, 149), (150, 152), (169, 195), (203, 222)]
[(29, 51), (88, 123), (143, 149), (150, 155), (168, 195), (203, 221)]
[(28, 50), (89, 123), (142, 157), (168, 195), (202, 221)]
[(28, 50), (89, 123), (141, 157), (169, 195), (202, 221)]
[(27, 49), (89, 123), (141, 158), (169, 195), (201, 220)]
[(27, 49), (89, 122), (140, 158), (169, 195), (201, 220)]
[(27, 48), (90, 122), (139, 159), (170, 195), (200, 220)]
[(28, 48), (90, 122), (138, 159), (170, 194), (200, 219)]
[(28, 47), (90, 122), (138, 159), (171, 193), (200, 219)]
[(28, 47), (90, 122), (137, 160), (172, 192), (199, 218)]
[(30, 46), (91, 121), (137, 160), (172, 192), (199, 218)]
[(30, 45), (91, 121), (136, 161), (172, 191), (198, 217)]
[(31, 44), (91, 121), (136, 161), (173, 190), (198, 217)]
[(31, 44), (92, 121), (136, 162), (174, 190), (198, 216)]
[(32, 44), (95, 119), (136, 162), (175, 189), (197, 216)]
[(33, 43), (95, 119), (136, 163), (175, 188), (197, 216)]
[(34, 42), (97, 116), (136, 163), (175, 186), (187, 188), (196, 216)]
[(34, 42), (98, 115), (136, 163), (196, 215)]
[(35, 41), (99, 115), (136, 163), (195, 215)]
[(36, 41), (102, 113), (136, 163), (196, 214)]
[(36, 40), (103, 112), (135, 162), (195, 214)]
[(37, 39), (105, 111), (135, 162), (195, 214)]
[(37, 39), (108, 109), (135, 162), (194, 213)]
[(135, 162), (193, 212)]
[(135, 162), (193, 212)]
[(135, 162), (193, 211)]
[(135, 161), (192, 211)]
[(135, 162), (192, 211)]
[(135, 162), (191, 210)]
[(136, 162), (191, 210)]
[(92, 94), (136, 161), (183, 186), (191, 210)]
[(92, 94), (136, 161), (183, 187), (191, 209)]
[(91, 95), (137, 162), (183, 188), (190, 208)]
[(91, 96), (137, 161), (183, 189), (190, 208)]
[(91, 97), (138, 161), (182, 208)]
[(90, 99), (138, 160), (182, 207)]
[(90, 99), (139, 159), (181, 207)]
[(89, 101), (139, 159), (181, 207)]
[(89, 101), (139, 157), (181, 206)]
[(89, 103), (140, 157), (180, 206)]
[(89, 103), (141, 156), (180, 205)]
[(88, 104), (141, 155), (179, 205)]
[(88, 105), (144, 148), (149, 150), (151, 154), (179, 204)]
[(87, 106), (149, 150), (151, 153), (178, 204)]
[(87, 108), (178, 204)]
[(87, 108), (115, 116), (177, 203)]
[(87, 109), (114, 118), (177, 203)]
[(89, 110), (114, 118), (177, 203)]
[(89, 111), (114, 120), (176, 203)]
[(90, 112), (113, 120), (176, 204)]
[(92, 121), (175, 205)]
[(93, 123), (175, 206)]
[(93, 123), (175, 206)]
[(95, 123), (176, 206)]
[(95, 123), (177, 206)]
[(96, 122), (178, 205)]
[(98, 122), (179, 205)]
[(98, 122), (180, 205)]
[(100, 121), (181, 205)]
[(100, 121), (182, 204)]
[(101, 121), (183, 204)]
[(102, 120), (184, 204)]
[(104, 120), (184, 203)]
[(104, 119), (185, 203)]
[(105, 119), (187, 188), (189, 202)]
[(106, 119), (188, 202)]
[(106, 118), (189, 201)]
[(105, 118), (190, 201)]
[(105, 118), (191, 200)]
[(105, 118), (191, 200)]
[(105, 117), (192, 200)]
[(105, 116), (193, 199)]
[(106, 116), (194, 199)]
[(106, 116), (195, 198)]
[(108, 115), (196, 198)]
[(109, 115)]
[(109, 115)]
[(111, 114)]
[(111, 114)]
[]
[]
[]
[]
[]
[]
[]
[]
[]
[]
[]
[]
[]
[]
[]
[]
