(256, 256)
[]
[]
[]
[]
[]
[]
[]
[]
[]
[]
[]
[]
[]
[]
[]
[]
[]
[(142, 145)]
[(142, 145)]
[(141, 147)]
[(141, 147)]
[(58, 60), (141, 148)]
[(58, 61), (140, 150)]
[(57, 62), (140, 150)]
[(57, 63), (140, 151)]
[(56, 64), (139, 151)]
[(56, 65), (138, 151)]
[(56, 65), (138, 151)]
[(55, 66), (138, 151)]
[(55, 67), (138, 150)]
[(54, 68), (137, 150)]
[(54, 67), (68, 69), (137, 151)]
[(53, 71), (137, 152)]
[(53, 72), (136, 152)]
[(52, 72), (136, 154)]
[(52, 73), (135, 155)]
[(52, 74), (135, 156)]
[(51, 75), (135, 156)]
[(51, 76), (134, 158)]
[(51, 77), (134, 158)]
[(51, 78), (134, 160)]
[(50, 79), (133, 161)]
[(50, 80), (133, 161)]
[(50, 81), (133, 163)]
[(50, 81), (133, 163)]
[(51, 81), (135, 164)]
[(52, 80), (136, 143), (144, 166)]
[(53, 80), (136, 142), (145, 167)]
[(53, 79), (138, 142), (146, 167)]
[(53, 79), (138, 142), (147, 169)]
[(53, 79), (140, 141), (148, 169)]
[(52, 78), (148, 169)]
[(52, 78), (103, 105), (106, 107), (150, 169)]
[(52, 77), (102, 105), (106, 107), (108, 112), (151, 168)]
[(51, 77), (101, 115), (152, 168)]
[(51, 76), (100, 115), (153, 167)]
[(50, 76), (99, 116), (153, 167)]
[(50, 75), (99, 117), (155, 167)]
[(49, 75), (97, 117), (155, 167)]
[(49, 75), (97, 117), (157, 166)]
[(49, 74), (96, 118), (157, 166)]
[(48, 74), (95, 118), (159, 165)]
[(48, 66), (67, 73), (95, 119), (160, 165)]
[(48, 66), (68, 73), (94, 119), (161, 165)]
[(47, 65), (69, 73), (95, 120), (162, 164)]
[(46, 65), (70, 73), (95, 120), (162, 164)]
[(46, 65), (94, 120)]
[(46, 65), (94, 121)]
[(45, 64), (94, 121)]
[(45, 64), (95, 121)]
[(45, 63), (94, 121)]
[(44, 63), (94, 121)]
[(44, 63), (94, 121)]
[(43, 62), (94, 121), (147, 148), (217, 219)]
[(42, 61), (94, 121), (145, 151), (217, 219)]
[(42, 61), (94, 121), (144, 153), (216, 220)]
[(42, 60), (93, 120), (143, 154), (215, 220)]
[(41, 61), (93, 120), (141, 157), (215, 221)]
[(41, 60), (93, 120), (141, 158), (214, 222)]
[(40, 60), (68, 69), (70, 81), (93, 120), (140, 159), (214, 222)]
[(40, 59), (68, 81), (93, 120), (137, 161), (213, 223)]
[(40, 59), (67, 81), (94, 120), (137, 161), (212, 224)]
[(40, 58), (66, 82), (94, 120), (135, 164), (212, 225)]
[(39, 58), (66, 83), (95, 120), (135, 165), (212, 225)]
[(39, 58), (65, 84), (95, 120), (135, 165), (211, 226)]
[(38, 57), (64, 84), (96, 119), (135, 165), (210, 226)]
[(38, 57), (64, 84), (96, 119), (134, 166), (209, 228)]
[(37, 56), (63, 85), (97, 118), (134, 166), (209, 228)]
[(37, 56), (62, 86), (97, 118), (134, 166), (208, 228)]
[(36, 56), (61, 86), (97, 117), (134, 166), (208, 229)]
[(36, 55), (61, 87), (98, 116), (134, 167), (207, 229)]
[(36, 55), (61, 87), (98, 115), (133, 167), (207, 229)]
[(35, 54), (61, 87), (99, 115), (133, 167), (206, 228)]
[(35, 54), (61, 88), (99, 114), (133, 167), (206, 228)]
[(35, 53), (61, 88), (101, 106), (107, 113), (133, 168), (205, 227)]
[(34, 53), (61, 87), (104, 106), (107, 108), (109, 112), (132, 168), (204, 226)]
[(34, 52), (61, 87), (109, 111), (132, 168), (203, 226)]
[(33, 52), (61, 88), (132, 168), (203, 225)]
[(33, 52), (61, 88), (132, 168), (203, 224)]
[(32, 51), (61, 88), (132, 169), (202, 224)]
[(32, 51), (61, 88), (132, 170), (201, 223)]
[(32, 50), (61, 87), (131, 170), (201, 223)]
[(31, 50), (61, 87), (131, 170), (200, 222)]
[(31, 50), (60, 88), (131, 170), (199, 221)]
[(31, 49), (60, 88), (131, 170), (199, 221)]
[(31, 49), (60, 88), (131, 170), (199, 220)]
[(31, 49), (60, 88), (131, 169), (199, 219)]
[(33, 48), (60, 88), (132, 168), (197, 219)]
[(33, 48), (60, 87), (132, 168), (197, 219)]
[(34, 47), (61, 87), (132, 168), (196, 218)]
[(35, 47), (61, 87), (132, 168), (196, 217)]
[(36, 46), (62, 87), (133, 168), (195, 217)]
[(38, 46), (62, 86), (133, 168), (194, 216)]
[(38, 45), (63, 85), (133, 168), (194, 215)]
[(39, 45), (63, 85), (134, 167), (194, 215)]
[(40, 45), (64, 84), (134, 167), (192, 214)]
[(40, 44), (65, 84), (134, 167), (192, 214)]
[(42, 44), (66, 83), (134, 167), (191, 213)]
[(42, 44), (66, 83), (135, 167), (191, 212)]
[(67, 81), (101, 108), (135, 166), (182, 184), (190, 212)]
[(68, 81), (101, 108), (135, 166), (182, 184), (190, 211)]
[(68, 80), (99, 112), (136, 166), (181, 185), (189, 211)]
[(69, 70), (72, 73), (75, 76), (77, 79), (99, 113), (136, 166), (181, 186), (189, 211)]
[(97, 114), (137, 166), (180, 186), (188, 210)]
[(97, 115), (139, 165), (180, 209)]
[(97, 115), (139, 164), (179, 209)]
[(97, 115), (143, 161), (179, 208)]
[(96, 115), (144, 160), (178, 207)]
[(58, 59), (96, 116), (146, 159), (178, 207)]
[(58, 59), (96, 116), (147, 149), (150, 157), (177, 206)]
[(57, 59), (96, 117), (148, 149), (150, 155), (156, 157), (176, 206)]
[(56, 60), (96, 117), (150, 155), (176, 205)]
[(54, 60), (95, 117), (175, 204)]
[(53, 60), (95, 117), (175, 204)]
[(52, 61), (95, 117), (174, 204)]
[(52, 61), (95, 117), (174, 202)]
[(49, 61), (95, 116), (173, 202)]
[(49, 62), (96, 116), (172, 201)]
[(47, 62), (96, 116), (172, 201)]
[(45, 46), (47, 63), (97, 116), (172, 200)]
[(44, 63), (97, 116), (171, 200)]
[(43, 63), (98, 115), (172, 199)]
[(31, 32), (42, 63), (98, 115), (172, 199)]
[(30, 32), (41, 64), (98, 115), (173, 200)]
[(28, 32), (40, 64), (99, 113), (174, 200)]
[(27, 32), (38, 65), (100, 113), (132, 135), (174, 201)]
[(27, 33), (38, 65), (103, 112), (132, 135), (175, 201)]
[(24, 33), (36, 65), (105, 111), (131, 137), (175, 202)]
[(24, 34), (36, 66), (107, 109), (131, 137), (176, 202)]
[(22, 66), (130, 139), (177, 202)]
[(22, 66), (130, 140), (178, 201)]
[(22, 65), (130, 141), (178, 201)]
[(22, 64), (129, 142), (179, 200)]
[(22, 63), (129, 143), (179, 200)]
[(23, 63), (129, 143), (180, 199)]
[(23, 61), (128, 143), (181, 199)]
[(23, 61), (128, 143), (181, 198)]
[(24, 58), (127, 143), (182, 197)]
[(24, 58), (127, 142), (183, 197)]
[(24, 56), (127, 142), (183, 196)]
[(24, 55), (126, 141), (184, 195)]
[(25, 54), (126, 141), (184, 195)]
[(25, 53), (126, 142), (185, 195)]
[(25, 51), (125, 143), (186, 194)]
[(25, 50), (125, 145), (187, 193)]
[(26, 49), (125, 145), (187, 193)]
[(26, 48), (124, 146), (188, 192)]
[(26, 48), (102, 103), (124, 147), (189, 192)]
[(27, 45), (97, 98), (99, 105), (123, 148), (189, 191)]
[(27, 45), (51, 52), (94, 106), (123, 150)]
[(27, 43), (50, 51), (93, 107), (123, 151)]
[(28, 43), (50, 53), (92, 108), (123, 152), (185, 186)]
[(28, 42), (49, 53), (91, 109), (122, 153), (184, 187)]
[(28, 42), (49, 55), (91, 110), (122, 154), (182, 189)]
[(29, 43), (49, 56), (90, 111), (122, 155), (181, 190)]
[(29, 43), (48, 57), (90, 112), (121, 155), (156, 157), (179, 180), (181, 192)]
[(30, 43), (48, 58), (89, 112), (120, 157), (178, 193)]
[(30, 43), (47, 59), (89, 113), (120, 158), (177, 195)]
[(30, 44), (47, 59), (89, 113), (120, 159), (176, 196)]
[(30, 44), (47, 61), (89, 113), (120, 161), (175, 196)]
[(30, 43), (47, 61), (88, 113), (119, 161), (175, 196)]
[(31, 42), (46, 63), (88, 113), (120, 163), (175, 196)]
[(31, 41), (46, 63), (87, 113), (120, 164), (174, 197)]
[(32, 40), (45, 63), (87, 114), (122, 133), (134, 165), (174, 197)]
[(32, 39), (45, 63), (87, 114), (122, 133), (134, 165), (174, 198)]
[(32, 37), (45, 63), (86, 114), (124, 132), (135, 167), (174, 198)]
[(33, 36), (45, 63), (86, 114), (124, 132), (136, 167), (173, 198)]
[(33, 35), (44, 63), (86, 114), (126, 132), (137, 167), (173, 198)]
[(43, 62), (86, 114), (126, 132), (138, 167), (173, 198)]
[(43, 62), (86, 115), (128, 131), (140, 166), (173, 199)]
[(43, 62), (86, 115), (129, 130), (140, 166), (172, 199)]
[(42, 63), (86, 115), (141, 166), (172, 199)]
[(42, 64), (87, 115), (142, 165), (172, 199)]
[(42, 65), (87, 115), (143, 165), (172, 200)]
[(42, 66), (87, 115), (144, 165), (171, 200)]
[(41, 67), (87, 114), (145, 164), (171, 200)]
[(41, 67), (87, 114), (147, 164), (172, 200)]
[(41, 70), (87, 114), (147, 163), (172, 199)]
[(40, 70), (88, 113), (149, 163), (172, 199)]
[(40, 71), (87, 113), (150, 163), (172, 199)]
[(40, 72), (88, 112), (152, 162), (172, 199)]
[(39, 74), (88, 112), (151, 162), (173, 199)]
[(39, 74), (88, 112), (153, 162), (173, 199)]
[(39, 76), (88, 112), (154, 161), (173, 198)]
[(38, 77), (89, 111), (155, 161), (173, 198)]
[(38, 77), (90, 110), (157, 161), (173, 198)]
[(38, 79), (91, 110), (158, 160), (174, 198)]
[(38, 79), (92, 109), (158, 160), (174, 197)]
[(38, 81), (93, 109), (174, 197)]
[(39, 81), (94, 108), (174, 196)]
[(40, 83), (96, 105), (175, 196)]
[(41, 84), (97, 104), (175, 196)]
[(42, 85), (97, 101), (175, 196)]
[(44, 53), (55, 87), (178, 193)]
[(44, 53), (55, 89), (179, 193)]
[(46, 53), (56, 88), (181, 191)]
[(47, 52), (57, 89), (181, 191)]
[(48, 52), (59, 91), (184, 188)]
[(49, 51), (60, 93)]
[(50, 51), (61, 93)]
[(62, 93)]
[(63, 93)]
[(64, 93)]
[(65, 93)]
[(66, 93)]
[(67, 93)]
[(68, 92)]
[(69, 92)]
[(71, 91)]
[(71, 91)]
[(73, 91)]
[(73, 90)]
[(74, 90)]
[(76, 90)]
[(77, 89)]
[(78, 88)]
[(79, 88)]
[(81, 88)]
[(81, 87)]
[(82, 87)]
[(83, 87)]
[(84, 86)]
[(85, 86)]
[]
[]
[]
[]
[]
[]
[]
[]
[]
[]
[]
[]
[]
