(256, 256)
[(0, 0)]
[(0, 0)]
[(0, 0)]
[(0, 0)]
[(0, 0)]
[(0, 0)]
[(0, 0)]
[(0, 0)]
[(0, 0)]
[(0, 0)]
[(0, 0)]
[(0, 0)]
[(0, 0)]
[(0, 0)]
[(0, 0)]
[(0, 0)]
[(0, 0)]
[(0, 0), (98, 113)]
[(0, 0), (95, 113)]
[(0, 0), (91, 115)]
[(0, 0), (87, 115)]
[(0, 0), (84, 115)]
[(0, 0), (81, 117)]
[(0, 0), (78, 118)]
[(0, 0), (76, 118)]
[(0, 0), (71, 119)]
[(0, 0), (69, 120), (145, 160)]
[(0, 0), (66, 120), (145, 163)]
[(0, 0), (64, 120), (143, 165)]
[(0, 0), (64, 120), (142, 167)]
[(0, 0), (64, 120), (141, 170)]
[(0, 0), (64, 120), (140, 173)]
[(0, 0), (64, 120), (140, 175)]
[(0, 0), (43, 58), (64, 120), (138, 177)]
[(0, 0), (42, 61), (64, 120), (137, 179)]
[(0, 0), (41, 120), (135, 183)]
[(0, 0), (40, 120), (135, 185)]
[(0, 0), (39, 120), (133, 188)]
[(0, 0), (39, 121), (133, 189)]
[(0, 0), (37, 122), (133, 191)]
[(0, 0), (37, 123), (133, 194)]
[(0, 0), (36, 123), (133, 197)]
[(0, 0), (35, 124), (133, 198)]
[(0, 0), (34, 124), (133, 201)]
[(0, 0), (33, 126), (133, 204)]
[(0, 0), (32, 126), (133, 206), (207, 221)]
[(0, 0), (32, 126), (133, 225)]
[(0, 0), (32, 128), (133, 228)]
[(0, 0), (32, 129), (133, 230)]
[(0, 0), (32, 130), (136, 232)]
[(0, 0), (32, 130), (139, 234)]
[(0, 0), (32, 131), (141, 237)]
[(0, 0), (32, 132), (143, 239)]
[(0, 0), (32, 134), (145, 241)]
[(0, 0), (32, 134), (148, 241)]
[(0, 0), (32, 134), (143, 241)]
[(0, 0), (32, 134), (141, 241)]
[(0, 0), (31, 134), (139, 241)]
[(0, 0), (30, 89), (90, 134), (137, 241)]
[(0, 0), (29, 89), (91, 134), (136, 241)]
[(0, 0), (28, 88), (92, 134), (135, 241)]
[(0, 0), (27, 87), (93, 241)]
[(0, 0), (26, 86), (93, 241)]
[(0, 0), (25, 85), (95, 241)]
[(0, 0), (24, 83), (95, 241)]
[(0, 0), (24, 83), (95, 128), (129, 240)]
[(0, 0), (22, 81), (97, 125), (129, 239)]
[(0, 0), (22, 81), (97, 123), (129, 238)]
[(0, 0), (20, 70), (99, 119), (129, 237)]
[(0, 0), (19, 69), (100, 117), (129, 183), (184, 236)]
[(0, 0), (19, 68), (101, 114), (129, 183), (186, 234)]
[(0, 0), (18, 67), (129, 183), (186, 233)]
[(0, 0), (17, 65), (129, 183), (186, 232)]
[(0, 0), (16, 65), (129, 183), (186, 231)]
[(0, 0), (15, 65), (129, 183), (186, 230)]
[(0, 0), (15, 63), (129, 183), (186, 230)]
[(0, 0), (13, 62), (129, 183), (186, 229)]
[(0, 0), (12, 61), (129, 183), (186, 227)]
[(0, 0), (11, 61), (129, 183), (190, 226)]
[(0, 0), (10, 59), (129, 183), (192, 225)]
[(0, 0), (9, 59), (129, 183), (195, 224)]
[(0, 0), (9, 58), (60, 77), (129, 183), (197, 223)]
[(0, 0), (9, 80), (129, 183), (199, 222)]
[(0, 0), (9, 82), (129, 183), (201, 221)]
[(0, 0), (9, 86), (130, 183), (204, 220)]
[(0, 0), (9, 88), (131, 183), (206, 219)]
[(0, 0), (9, 90), (133, 180)]
[(0, 0), (9, 91), (133, 179)]
[(0, 0), (9, 92), (135, 186)]
[(0, 0), (9, 93), (137, 199)]
[(0, 0), (9, 93), (115, 130), (139, 201)]
[(0, 0), (11, 93), (113, 135), (140, 202)]
[(0, 0), (14, 94), (111, 139), (144, 204)]
[(0, 0), (17, 94), (108, 139), (160, 204)]
[(0, 0), (18, 94), (107, 141), (158, 206)]
[(0, 0), (21, 94), (106, 141), (158, 207)]
[(0, 0), (24, 94), (106, 143), (157, 208)]
[(0, 0), (26, 95), (106, 143), (157, 209)]
[(0, 0), (39, 95), (105, 143), (157, 210)]
[(0, 0), (39, 95), (105, 143), (156, 210)]
[(0, 0), (39, 95), (104, 143), (156, 210)]
[(0, 0), (39, 95), (104, 143), (156, 210)]
[(0, 0), (39, 95), (103, 143), (156, 210)]
[(0, 0), (39, 95), (103, 143), (156, 210)]
[(0, 0), (39, 95), (103, 143), (155, 210)]
[(0, 0), (39, 95), (103, 143), (155, 210)]
[(0, 0), (40, 95), (103, 143), (155, 210)]
[(0, 0), (40, 95), (103, 143), (155, 210)]
[(0, 0), (40, 94), (103, 143), (155, 210)]
[(0, 0), (41, 94), (103, 143), (155, 210)]
[(0, 0), (42, 93), (103, 143), (155, 210)]
[(0, 0), (42, 92), (103, 143), (155, 210)]
[(0, 0), (42, 91), (103, 143), (155, 209)]
[(0, 0), (43, 90), (103, 141), (155, 209)]
[(0, 0), (45, 89), (104, 141), (155, 209)]
[(0, 0), (47, 88), (104, 141), (155, 209)]
[(0, 0), (48, 87), (105, 141), (156, 209)]
[(0, 0), (52, 90), (106, 140), (157, 208)]
[(0, 0), (54, 94), (108, 139), (158, 208)]
[(0, 0), (57, 96), (108, 138), (159, 208)]
[(0, 0), (65, 99), (111, 134), (161, 206)]
[(0, 0), (63, 102), (116, 132), (162, 205)]
[(0, 0), (63, 105), (163, 202)]
[(0, 0), (62, 107), (165, 200)]
[(0, 0), (61, 110), (167, 198)]
[(0, 0), (61, 113), (176, 195)]
[(0, 0), (61, 115), (145, 161)]
[(0, 0), (61, 117), (141, 167)]
[(0, 0), (61, 117), (138, 171), (207, 221)]
[(0, 0), (61, 117), (134, 176), (207, 224)]
[(0, 0), (61, 117), (131, 180), (206, 227)]
[(0, 0), (61, 117), (129, 180), (204, 229)]
[(0, 0), (61, 117), (128, 182), (204, 232)]
[(0, 0), (61, 117), (128, 182), (202, 236)]
[(0, 0), (61, 117), (126, 182), (202, 237)]
[(0, 0), (61, 117), (126, 183), (201, 240)]
[(0, 0), (60, 117), (126, 185), (201, 243)]
[(0, 0), (59, 117), (126, 185), (201, 245)]
[(0, 0), (58, 117), (125, 186), (201, 245)]
[(0, 0), (57, 117), (124, 187), (201, 245)]
[(0, 0), (56, 115), (124, 188), (201, 245)]
[(0, 0), (56, 115), (123, 188), (201, 245)]
[(0, 0), (54, 113), (122, 189), (201, 245)]
[(0, 0), (54, 113), (121, 189), (200, 245)]
[(0, 0), (53, 112), (121, 189), (200, 245)]
[(0, 0), (52, 111), (120, 189), (199, 245)]
[(0, 0), (50, 110), (120, 189), (198, 245)]
[(0, 0), (50, 109), (120, 189), (197, 245)]
[(0, 0), (49, 98), (120, 189), (195, 245)]
[(0, 0), (48, 98), (120, 189), (195, 245)]
[(0, 0), (47, 96), (120, 189), (193, 243)]
[(0, 0), (47, 95), (120, 189), (193, 243)]
[(0, 0), (46, 94), (120, 189), (191, 241)]
[(0, 0), (44, 93), (120, 188), (191, 240)]
[(0, 0), (44, 93), (120, 188), (190, 240)]
[(0, 0), (44, 92), (120, 188), (189, 238)]
[(0, 0), (44, 91), (120, 187), (188, 230)]
[(0, 0), (44, 90), (120, 228)]
[(0, 0), (44, 89), (120, 228)]
[(0, 0), (44, 88), (120, 185), (186, 227)]
[(0, 0), (44, 87), (121, 185), (186, 226)]
[(0, 0), (44, 87), (121, 185), (186, 224)]
[(0, 0), (44, 85), (123, 184), (186, 224)]
[(0, 0), (44, 84), (123, 183), (186, 222)]
[(0, 0), (44, 83), (124, 182), (186, 222)]
[(0, 0), (46, 83), (125, 182), (186, 221)]
[(0, 0), (49, 81), (111, 122), (126, 180), (186, 219)]
[(0, 0), (51, 81), (109, 125), (126, 180), (186, 219)]
[(0, 0), (46, 80), (108, 180), (186, 217)]
[(0, 0), (42, 80), (106, 179), (188, 216)]
[(0, 0), (39, 83), (104, 176), (191, 216)]
[(0, 0), (39, 84), (103, 132), (133, 172), (193, 215)]
[(0, 0), (39, 85), (102, 133), (138, 168), (197, 213)]
[(0, 0), (38, 86), (100, 135), (145, 163), (199, 213)]
[(0, 0), (37, 87), (98, 137), (146, 162)]
[(0, 0), (37, 87), (97, 139)]
[(0, 0), (35, 88), (95, 141)]
[(0, 0), (35, 89), (94, 143)]
[(0, 0), (35, 89), (92, 143)]
[(0, 0), (34, 143)]
[(0, 0), (34, 143)]
[(0, 0), (34, 143)]
[(0, 0), (34, 143)]
[(0, 0), (34, 143)]
[(0, 0), (34, 143)]
[(0, 0), (34, 143)]
[(0, 0), (34, 145)]
[(0, 0), (34, 147)]
[(0, 0), (34, 147)]
[(0, 0), (34, 150)]
[(0, 0), (34, 151)]
[(0, 0), (34, 153)]
[(0, 0), (34, 155)]
[(0, 0), (35, 155)]
[(0, 0), (35, 159)]
[(0, 0), (35, 160)]
[(0, 0), (37, 162)]
[(0, 0), (37, 163)]
[(0, 0), (39, 85), (88, 166)]
[(0, 0), (39, 85), (89, 167)]
[(0, 0), (39, 84), (92, 168)]
[(0, 0), (43, 80), (93, 170)]
[(0, 0), (45, 78), (95, 172)]
[(0, 0), (49, 73), (96, 174)]
[(0, 0), (55, 69), (98, 176)]
[(0, 0), (100, 177)]
[(0, 0), (102, 178)]
[(0, 0), (117, 181)]
[(0, 0), (117, 182)]
[(0, 0), (120, 184)]
[(0, 0), (121, 186)]
[(0, 0), (123, 187)]
[(0, 0), (125, 189)]
[(0, 0), (126, 189)]
[(0, 0), (128, 189)]
[(0, 0), (129, 189)]
[(0, 0), (132, 189)]
[(0, 0), (134, 189)]
[(0, 0), (135, 189)]
[(0, 0), (137, 189)]
[(0, 0), (139, 189)]
[(0, 0), (140, 189)]
[(0, 0), (142, 189)]
[(0, 0), (143, 189)]
[(0, 0), (146, 187)]
[(0, 0), (147, 185)]
[(0, 0), (149, 184)]
[(0, 0), (150, 182)]
[(0, 0), (152, 181)]
[(0, 0), (154, 180)]
[(0, 0), (155, 178)]
[(0, 0), (157, 176)]
[(0, 0), (158, 176)]
[(0, 0), (160, 173)]
[(0, 0)]
[(0, 0)]
[(0, 0)]
[(0, 0)]
[(0, 0)]
[(0, 0)]
[(0, 0)]
[(0, 0)]
[(0, 0)]
[(0, 0)]
[(0, 0)]
[(0, 0)]
[(0, 0)]
[(0, 0)]
[(0, 0)]
[(0, 0)]
[(0, 0)]
[(0, 0)]
[(0, 0)]
[(0, 0)]
[(0, 0)]
[(0, 0)]
