(256, 256)
[]
[]
[]
[]
[]
[]
[]
[]
[]
[]
[]
[]
[]
[]
[]
[]
[]
[]
[]
[]
[]
[]
[]
[]
[]
[]
[]
[]
[]
[]
[]
[]
[(52, 65)]
[(48, 69)]
[(46, 72)]
[(44, 74)]
[(41, 77)]
[(40, 78)]
[(38, 80)]
[(37, 81)]
[(35, 82)]
[(34, 84)]
[(33, 85)]
[(32, 85)]
[(31, 87)]
[(30, 87)]
[(30, 88)]
[(29, 89)]
[(28, 89)]
[(28, 90)]
[(27, 91)]
[(27, 91)]
[(26, 92)]
[(26, 92)]
[(26, 92)]
[(25, 93)]
[(25, 93)]
[(25, 93)]
[(26, 93)]
[(26, 92)]
[(26, 92)]
[(26, 91)]
[(27, 91)]
[(27, 90), (141, 150)]
[(28, 90), (136, 155)]
[(29, 89), (130, 161)]
[(29, 89), (125, 166)]
[(30, 88), (121, 170)]
[(31, 88), (118, 173)]
[(32, 88), (115, 176)]
[(33, 88), (113, 178)]
[(34, 88), (110, 181)]
[(35, 88), (108, 183)]
[(36, 88), (105, 185)]
[(37, 88), (103, 187)]
[(39, 88), (102, 189)]
[(41, 88), (100, 190)]
[(43, 88), (99, 192)]
[(44, 73), (85, 194)]
[(47, 71), (85, 195)]
[(50, 67), (85, 196)]
[(55, 63), (85, 198)]
[(85, 200)]
[(85, 201)]
[(85, 201)]
[(85, 203)]
[(85, 204)]
[(85, 205)]
[(85, 206)]
[(84, 207)]
[(83, 208)]
[(82, 209)]
[(81, 210)]
[(80, 211)]
[(79, 212)]
[(79, 212)]
[(78, 213)]
[(77, 214)]
[(76, 214)]
[(76, 215)]
[(75, 216)]
[(74, 216)]
[(74, 217)]
[(73, 218)]
[(72, 218)]
[(72, 218)]
[(72, 219)]
[(71, 220)]
[(71, 220)]
[(70, 220)]
[(70, 221)]
[(70, 221)]
[(69, 222)]
[(69, 222)]
[(68, 222)]
[(68, 222)]
[(68, 223)]
[(68, 223)]
[(68, 223)]
[(67, 224)]
[(67, 224)]
[(67, 224)]
[(67, 224)]
[(66, 224)]
[(66, 224)]
[(66, 224)]
[(66, 224)]
[(66, 224)]
[(66, 224)]
[(67, 224)]
[(67, 224)]
[(67, 224)]
[(68, 223)]
[(68, 223)]
[(68, 223)]
[(68, 223)]
[(68, 222)]
[(69, 222)]
[(69, 222)]
[(69, 222)]
[(70, 221)]
[(70, 220)]
[(70, 220)]
[(71, 220)]
[(72, 219)]
[(72, 219)]
[(72, 218)]
[(73, 218)]
[(73, 218)]
[(74, 217)]
[(74, 216)]
[(75, 216)]
[(76, 215)]
[(76, 214)]
[(77, 214)]
[(78, 213)]
[(79, 212)]
[(79, 211)]
[(80, 211)]
[(81, 209)]
[(82, 209)]
[(83, 208)]
[(84, 207)]
[(85, 206)]
[(86, 205)]
[(86, 204)]
[(86, 202)]
[(86, 201)]
[(86, 201)]
[(86, 199)]
[(55, 63), (86, 197)]
[(50, 67), (86, 196)]
[(47, 71), (86, 195)]
[(44, 73), (86, 194)]
[(42, 75), (86, 88), (99, 192)]
[(40, 88), (101, 190)]
[(38, 88), (102, 188)]
[(37, 88), (104, 186)]
[(36, 88), (106, 184)]
[(35, 88), (108, 182)]
[(33, 88), (110, 181)]
[(33, 88), (113, 178)]
[(32, 88), (115, 175)]
[(31, 88), (118, 173)]
[(30, 88), (121, 169)]
[(29, 89), (125, 165)]
[(28, 89), (130, 161)]
[(28, 90), (136, 155)]
[(27, 91)]
[(27, 91)]
[(26, 91)]
[(26, 92)]
[(26, 92)]
[(25, 93)]
[(25, 93)]
[(25, 93)]
[(25, 93)]
[(26, 92)]
[(26, 92)]
[(26, 91)]
[(27, 91)]
[(27, 91)]
[(28, 90)]
[(28, 89)]
[(29, 89)]
[(30, 88)]
[(30, 87)]
[(31, 87)]
[(32, 85)]
[(33, 85)]
[(34, 83)]
[(36, 82)]
[(37, 81)]
[(38, 79)]
[(40, 78)]
[(41, 76)]
[(44, 74)]
[(46, 72)]
[(48, 69)]
[(52, 65)]
[]
[]
[]
[]
[]
[]
[]
[]
[]
[]
[]
[]
[]
[]
[]
[]
[]
[]
[]
[]
[]
[]
[]
[]
[]
[]
[]
[]
[]
[]
[]
[]
[]
[]
[]
[]
