(256, 256)
[]
[]
[]
[]
[]
[]
[]
[]
[]
[]
[]
[]
[]
[]
[]
[]
[]
[]
[]
[]
[]
[]
[]
[]
[]
[]
[]
[]
[]
[(101, 103)]
[(97, 103)]
[(94, 103)]
[(91, 103)]
[(88, 103)]
[(86, 103)]
[(81, 103)]
[(80, 103)]
[(90, 103)]
[(92, 103), (153, 155)]
[(92, 103), (152, 157)]
[(94, 103), (151, 160)]
[(94, 105), (151, 163)]
[(94, 105), (153, 165)]
[(96, 107), (155, 167)]
[(97, 107), (158, 169)]
[(51, 54), (98, 108), (161, 173)]
[(50, 57), (99, 109), (163, 175)]
[(49, 61), (99, 110), (166, 178)]
[(49, 64), (100, 111), (168, 179)]
[(49, 65), (101, 112), (170, 181)]
[(49, 69), (102, 112), (172, 184)]
[(49, 71), (103, 112), (175, 187)]
[(49, 75), (103, 114), (177, 188)]
[(49, 75), (105, 114), (180, 191)]
[(49, 73), (105, 116), (182, 194)]
[(49, 73), (105, 116), (186, 196)]
[(49, 71), (107, 115), (188, 198)]
[(49, 61), (107, 113), (189, 201), (215, 218)]
[(49, 60), (192, 220)]
[(49, 59), (194, 222)]
[(47, 58), (198, 224)]
[(46, 57), (200, 223)]
[(45, 55), (200, 220)]
[(45, 55), (200, 220)]
[(44, 55), (200, 220)]
[(43, 53), (200, 220)]
[(42, 52), (151, 163), (200, 219)]
[(41, 51), (149, 164), (200, 217)]
[(40, 51), (147, 165), (200, 216)]
[(39, 49), (146, 167), (202, 215)]
[(38, 49), (145, 168), (205, 214)]
[(37, 48), (143, 170), (207, 213)]
[(36, 46), (142, 171), (209, 212)]
[(35, 46), (140, 172)]
[(34, 44), (140, 172)]
[(34, 44), (141, 173)]
[(32, 42), (143, 170)]
[(32, 42), (143, 169)]
[(30, 41), (145, 168)]
[(29, 40), (147, 165)]
[(29, 39), (149, 164)]
[(28, 39), (150, 162)]
[(27, 38)]
[(27, 36)]
[(28, 35)]
[(31, 35)]
[]
[]
[]
[]
[]
[]
[(64, 70)]
[(58, 72)]
[(57, 76)]
[(56, 78)]
[(55, 80)]
[(54, 81)]
[(53, 82)]
[(52, 83), (179, 182)]
[(52, 83), (177, 191)]
[(52, 82), (123, 125), (175, 192)]
[(52, 81), (121, 129), (172, 194)]
[(53, 80), (118, 129), (170, 194)]
[(55, 79), (117, 131), (168, 196)]
[(57, 78), (116, 131), (168, 197)]
[(58, 77), (116, 131), (168, 198)]
[(62, 75), (116, 130), (168, 198)]
[(64, 69), (118, 129), (168, 198)]
[(118, 128), (169, 198)]
[(121, 124), (171, 196)]
[(172, 195)]
[(173, 192)]
[(175, 190)]
[(177, 188)]
[]
[]
[]
[]
[]
[]
[]
[]
[]
[]
[]
[]
[(77, 80)]
[(79, 84)]
[(79, 86)]
[(79, 89)]
[(79, 92)]
[(79, 95)]
[(79, 97)]
[(79, 100)]
[(79, 101)]
[(79, 90)]
[(79, 89), (151, 157)]
[(79, 88), (148, 161)]
[(77, 88), (144, 166)]
[(76, 86), (141, 170), (216, 217)]
[(75, 85), (139, 170), (216, 219)]
[(74, 84), (138, 172), (216, 222)]
[(73, 83), (138, 172), (216, 226)]
[(73, 83), (136, 172), (216, 227)]
[(71, 82), (136, 173), (216, 221)]
[(70, 81), (136, 175), (216, 220)]
[(69, 80), (136, 175), (216, 218)]
[(68, 79), (135, 176), (216, 218)]
[(67, 78), (134, 175), (215, 217)]
[(66, 76), (134, 175), (214, 216)]
[(66, 76), (133, 175), (213, 214)]
[(64, 75), (133, 174), (212, 214)]
[(64, 74), (133, 173), (210, 212)]
[(63, 73), (134, 172), (210, 212)]
[(62, 73), (135, 172), (209, 211)]
[(62, 71), (136, 170), (208, 209)]
[(62, 71), (136, 170), (207, 209)]
[(65, 70), (136, 170), (205, 207)]
[(67, 69), (137, 169), (205, 206)]
[(138, 166), (203, 206)]
[(143, 162), (203, 205)]
[(148, 158)]
[]
[]
[]
[]
[]
[]
[]
[]
[]
[]
[]
[]
[]
[]
[(61, 62)]
[(56, 66)]
[(52, 70), (116, 118)]
[(49, 73), (114, 120)]
[(49, 74), (113, 122)]
[(49, 75), (112, 123)]
[(48, 76), (110, 125)]
[(47, 76), (108, 127)]
[(47, 76), (107, 128)]
[(47, 77), (105, 128)]
[(47, 76), (104, 128)]
[(49, 75), (102, 128)]
[(49, 75), (100, 128)]
[(49, 74), (102, 128)]
[(53, 70), (103, 128)]
[(55, 68), (105, 128)]
[(59, 63), (106, 129)]
[(108, 109), (121, 131)]
[(123, 133)]
[(125, 135)]
[(127, 137)]
[(127, 137)]
[(130, 140)]
[(131, 141)]
[(133, 143)]
[(135, 145)]
[(136, 145)]
[(138, 149)]
[(139, 150)]
[(142, 152)]
[(144, 153)]
[(145, 156)]
[(147, 157)]
[(149, 158)]
[(150, 160)]
[(152, 162)]
[(153, 164)]
[(156, 166)]
[(157, 167)]
[(159, 168)]
[(160, 171)]
[(162, 171)]
[(164, 170)]
[(165, 168)]
[]
[]
[]
[]
[]
[]
[]
[]
[]
[]
[]
[]
[]
[]
[]
[]
[]
[]
[]
[]
[]
[]
[]
[]
[]
[]
[]
[]
[]
[]
[]
[]
[]
[]
[]
