(64, 64)
[]
[]
[]
[]
[]
[]
[]
[(11, 18)]
[(9, 20)]
[(8, 22)]
[(7, 23)]
[(6, 23)]
[(6, 24)]
[(5, 24)]
[(5, 24)]
[(6, 24), (31, 41)]
[(6, 24), (28, 45)]
[(6, 23), (25, 47)]
[(7, 23), (24, 49)]
[(8, 50)]
[(10, 19), (20, 51)]
[(20, 53)]
[(19, 54)]
[(18, 54)]
[(18, 55)]
[(17, 55)]
[(17, 56)]
[(16, 56)]
[(16, 57)]
[(16, 57)]
[(16, 57)]
[(16, 57)]
[(16, 57)]
[(16, 57)]
[(16, 57)]
[(16, 56)]
[(17, 56)]
[(17, 55)]
[(18, 55)]
[(18, 54)]
[(19, 54)]
[(20, 53)]
[(10, 19), (20, 51)]
[(8, 50)]
[(7, 23), (24, 49)]
[(6, 23), (25, 47)]
[(6, 24), (28, 44)]
[(5, 24), (31, 41)]
[(5, 24)]
[(5, 24)]
[(6, 24)]
[(6, 23)]
[(7, 23)]
[(8, 22)]
[(9, 20)]
[(11, 18)]
[]
[]
[]
[]
[]
[]
[]
[]
