(64, 64)
[(0, 4), (25, 36), (57, 63)]
[(0, 5), (24, 36), (56, 63)]
[(0, 5), (23, 37), (56, 63)]
[(0, 6), (23, 38), (55, 63)]
[(0, 7), (22, 38), (54, 63)]
[(0, 7), (22, 39), (54, 63)]
[(0, 8), (21, 40), (53, 63)]
[]
[(9, 20), (41, 52)]
[(8, 21), (40, 52)]
[(8, 21), (40, 53)]
[(7, 22), (39, 54)]
[(6, 22), (38, 54)]
[(6, 23), (38, 55)]
[(5, 24), (37, 56)]
[]
[(0, 4), (25, 36), (57, 63)]
[(0, 4), (24, 36), (56, 63)]
[(0, 5), (24, 37), (56, 63)]
[(0, 6), (23, 38), (55, 63)]
[(0, 6), (22, 38), (54, 63)]
[(0, 7), (22, 39), (54, 63)]
[(0, 8), (21, 40), (53, 63)]
[]
[(9, 20), (41, 52)]
[(9, 20), (40, 52)]
[(8, 21), (40, 53)]
[(7, 22), (39, 54)]
[(7, 22), (38, 54)]
[(6, 23), (38, 55)]
[(5, 24), (37, 55)]
[]
[(0, 4), (25, 35), (57, 63)]
[(0, 4), (24, 36), (56, 63)]
[(0, 5), (24, 37), (56, 63)]
[(0, 6), (23, 37), (55, 63)]
[(0, 6), (22, 38), (54, 63)]
[(0, 7), (22, 39), (54, 63)]
[(0, 8), (21, 39), (53, 63)]
[]
[(9, 20), (41, 51)]
[(9, 20), (40, 52)]
[(8, 21), (40, 53)]
[(7, 22), (39, 53)]
[(7, 22), (39, 54)]
[(6, 23), (38, 55)]
[(5, 24), (37, 55)]
[]
[(0, 4), (25, 35), (57, 63)]
[(0, 4), (25, 36), (57, 63)]
[(0, 5), (24, 37), (56, 63)]
[(0, 5), (23, 37), (55, 63)]
[(0, 6), (23, 38), (55, 63)]
[(0, 7), (22, 39), (54, 63)]
[(0, 7), (21, 39), (53, 63)]
[(0, 1), (2, 7), (22, 28), (29, 39), (53, 56), (58, 60), (61, 63)]
[(9, 20), (41, 51)]
[(9, 20), (41, 52)]
[(8, 21), (40, 53)]
[(7, 21), (39, 53)]
[(7, 22), (39, 54)]
[(6, 23), (38, 55)]
[(6, 23), (37, 55)]
[(5, 24), (37, 56)]
