(64, 64)
[]
[]
[]
[]
[]
[]
[(24, 27)]
[(21, 28)]
[(18, 27), (38, 39)]
[(19, 27), (36, 41)]
[(12, 14), (22, 28), (35, 44)]
[(11, 17), (22, 29), (37, 46)]
[(10, 20), (24, 29), (40, 48)]
[(11, 20), (24, 30), (42, 51), (53, 55)]
[(11, 19), (25, 31), (44, 57)]
[(10, 16), (26, 28), (37, 38), (47, 57)]
[(9, 15), (35, 42), (49, 56)]
[(8, 14), (34, 44), (48, 55)]
[(7, 13), (34, 44), (50, 54)]
[(6, 12), (34, 44), (52, 53)]
[(5, 11), (35, 43)]
[(5, 10), (37, 38)]
[(8, 9), (13, 19)]
[(13, 21)]
[(12, 22), (30, 32), (43, 49)]
[(12, 22), (28, 33), (41, 50)]
[(12, 21), (28, 34), (41, 50)]
[(14, 20), (28, 33), (41, 50)]
[(29, 32), (42, 50)]
[(43, 48)]
[(19, 20)]
[(18, 22)]
[(17, 25)]
[(19, 27), (37, 40)]
[(18, 26), (34, 43), (52, 55)]
[(17, 23), (33, 44), (53, 58)]
[(16, 22), (32, 45), (53, 58)]
[(15, 21), (32, 45), (51, 56)]
[(14, 20), (32, 44), (51, 55)]
[(13, 19), (32, 44), (50, 54)]
[(15, 18), (33, 43), (49, 52)]
[(36, 40)]
[]
[(14, 16)]
[(11, 19), (27, 31)]
[(11, 20), (26, 33)]
[(10, 21), (24, 33)]
[(11, 20), (23, 33)]
[(11, 19), (24, 35)]
[(15, 16), (26, 28), (29, 36)]
[(31, 38)]
[(33, 40)]
[(35, 42)]
[(36, 44)]
[(38, 45)]
[(40, 44)]
[(41, 42)]
[]
[]
[]
[]
[]
[]
[]
