(256, 256)
[]
[]
[]
[]
[]
[]
[]
[]
[]
[]
[]
[]
[]
[]
[]
[]
[]
[]
[]
[]
[]
[]
[]
[]
[]
[]
[(55, 63)]
[(48, 53), (65, 69)]
[(44, 46), (71, 73)]
[(75, 76)]
[]
[(37, 38), (80, 81)]
[]
[]
[]
[]
[]
[]
[]
[]
[]
[]
[]
[]
[]
[]
[]
[]
[(21, 22), (96, 97)]
[]
[]
[(20, 21), (97, 98)]
[(97, 98)]
[(97, 98)]
[(19, 20), (97, 98)]
[(19, 20), (97, 98)]
[(19, 20), (97, 98)]
[(19, 20), (97, 98)]
[(19, 20), (137, 154)]
[(19, 20), (132, 135), (156, 159)]
[(97, 98), (126, 127), (161, 165)]
[(97, 98), (121, 124), (167, 170)]
[(97, 98), (117, 119), (172, 174)]
[(114, 115), (176, 177)]
[(21, 22), (111, 112), (179, 180)]
[(21, 22)]
[(106, 107), (184, 185)]
[]
[(101, 102)]
[]
[]
[]
[]
[]
[]
[]
[]
[]
[]
[]
[]
[]
[]
[(40, 41)]
[(43, 44), (73, 75)]
[(46, 49), (69, 71)]
[(51, 67)]
[]
[]
[]
[]
[]
[]
[]
[]
[]
[]
[]
[]
[(222, 223)]
[(67, 68)]
[]
[]
[(224, 225)]
[]
[(65, 66)]
[]
[]
[(226, 227)]
[(226, 227)]
[(63, 64)]
[(63, 64)]
[(63, 64), (227, 228)]
[]
[]
[(62, 63), (228, 229)]
[(62, 63), (228, 229)]
[(228, 229)]
[(228, 229)]
[(61, 62), (228, 229)]
[(61, 62), (228, 229)]
[(61, 62), (228, 229)]
[(61, 62), (228, 229)]
[(61, 62), (228, 229)]
[(61, 62), (228, 229)]
[(61, 62), (228, 229)]
[(61, 62), (228, 229)]
[(61, 62), (228, 229)]
[(61, 62), (228, 229)]
[(61, 62), (228, 229)]
[(61, 62), (228, 229)]
[(61, 62), (228, 229)]
[(61, 62), (228, 229)]
[(228, 229)]
[(228, 229)]
[(62, 63), (228, 229)]
[]
[]
[(63, 64), (227, 228)]
[(63, 64), (227, 228)]
[(63, 64)]
[]
[(226, 227)]
[(64, 65), (226, 227)]
[]
[]
[(65, 66)]
[(224, 225)]
[]
[]
[(67, 68)]
[]
[(222, 223)]
[]
[]
[]
[]
[]
[]
[]
[]
[]
[]
[]
[]
[(51, 67)]
[(46, 49), (69, 71)]
[(43, 44), (73, 75)]
[(40, 41)]
[]
[]
[]
[]
[]
[]
[]
[]
[]
[]
[]
[]
[]
[]
[]
[(95, 96)]
[(106, 107), (184, 185)]
[(21, 22), (181, 182)]
[(111, 112)]
[(114, 115), (175, 177)]
[(20, 21), (117, 119), (171, 173)]
[(97, 98), (121, 124), (167, 169)]
[(97, 98), (126, 130), (161, 165)]
[(19, 20), (132, 159)]
[(19, 20), (97, 98)]
[(19, 20), (97, 98)]
[(19, 20), (97, 98)]
[(19, 20), (97, 98)]
[(19, 20), (97, 98)]
[(97, 98)]
[(97, 98)]
[(20, 21), (97, 98)]
[]
[]
[(21, 22)]
[]
[(95, 96)]
[]
[]
[]
[]
[]
[]
[]
[]
[]
[]
[]
[]
[]
[]
[(37, 38)]
[]
[(75, 76)]
[(44, 46), (71, 73)]
[(48, 53), (65, 69)]
[(55, 63)]
[]
[]
[]
[]
[]
[]
[]
[]
[]
[]
[]
[]
[]
[]
[]
[]
[]
[]
[]
[]
[]
[]
[]
[]
[]
[]
[]
[]
[]
[]
