(256, 256)
[]
[]
[]
[]
[]
[]
[]
[]
[]
[]
[]
[]
[]
[]
[]
[]
[]
[]
[]
[]
[]
[]
[(104, 107)]
[(101, 102)]
[(97, 99)]
[(93, 95), (109, 110)]
[(90, 91)]
[(87, 88)]
[(84, 85)]
[]
[(77, 80)]
[(112, 113), (151, 154)]
[(72, 73), (156, 157)]
[]
[]
[(163, 164)]
[(166, 167)]
[]
[(49, 52)]
[(54, 55)]
[(57, 58), (175, 177)]
[(60, 61)]
[(63, 65), (80, 82), (181, 182)]
[(67, 68), (139, 140)]
[(142, 143)]
[(71, 73), (187, 188)]
[(89, 90), (190, 191)]
[(77, 79)]
[(151, 152), (194, 195)]
[(83, 84), (154, 155), (197, 198)]
[(120, 121), (213, 215)]
[(159, 160), (217, 219)]
[(42, 43), (204, 205), (221, 222)]
[(207, 209)]
[]
[(168, 169)]
[(230, 231)]
[(173, 174)]
[]
[(100, 101), (124, 125)]
[(121, 122), (149, 153)]
[(67, 68), (155, 167)]
[(70, 75), (115, 117), (185, 186)]
[]
[(110, 111), (190, 192)]
[(107, 108)]
[]
[]
[(59, 60)]
[]
[]
[(177, 178), (191, 192)]
[(177, 178), (192, 194)]
[(177, 178)]
[(177, 178), (198, 199)]
[(177, 178)]
[(177, 178)]
[(177, 178)]
[(177, 178), (207, 208)]
[(177, 178)]
[(176, 177), (212, 213)]
[]
[]
[(171, 172)]
[]
[]
[(17, 18), (66, 71), (146, 148), (165, 166)]
[(20, 21), (60, 64), (73, 74), (150, 153), (157, 159)]
[(54, 56)]
[(24, 25), (78, 80)]
[(27, 28)]
[]
[(32, 38)]
[(177, 180)]
[(182, 186), (189, 190)]
[(87, 88), (121, 124)]
[(126, 129)]
[(131, 133), (168, 169)]
[(44, 45), (114, 115)]
[(44, 45)]
[(88, 89)]
[(111, 112)]
[(45, 46), (137, 138), (162, 163)]
[(137, 138)]
[(137, 138)]
[(137, 138)]
[(47, 48), (137, 138)]
[]
[]
[(135, 136), (203, 204)]
[(135, 136), (203, 204)]
[(54, 56)]
[(75, 79)]
[(60, 61), (202, 203)]
[(63, 67), (114, 115), (130, 132)]
[(117, 120)]
[(122, 126), (198, 199)]
[]
[]
[(173, 180), (191, 192)]
[(78, 80), (182, 189)]
[]
[(83, 84)]
[(86, 88)]
[]
[(92, 93)]
[(95, 96)]
[(98, 99)]
[]
[(103, 104)]
[(106, 107)]
[(69, 71), (151, 155)]
[(147, 149), (157, 161)]
[(111, 112), (144, 145), (163, 165), (213, 215)]
[(140, 142), (167, 170), (217, 218)]
[(137, 138), (172, 174), (220, 221)]
[]
[(225, 226)]
[(176, 177), (228, 230)]
[]
[(131, 132), (233, 234)]
[(131, 132), (208, 209), (236, 237)]
[(100, 103)]
[(239, 240)]
[]
[]
[]
[]
[]
[(182, 183)]
[(126, 127), (229, 232)]
[(125, 126)]
[(125, 126)]
[(125, 126)]
[]
[(179, 180)]
[]
[]
[]
[]
[(52, 53)]
[(55, 56)]
[(58, 59), (131, 132), (174, 175)]
[]
[(63, 64), (172, 173), (194, 195)]
[(66, 67), (134, 137), (168, 170)]
[(69, 71), (139, 142), (164, 166), (199, 201)]
[(144, 149), (159, 162)]
[(205, 207)]
[(152, 156)]
[]
[]
[(57, 60), (64, 66), (118, 119)]
[(52, 55), (68, 70)]
[(48, 50), (72, 74)]
[(45, 46), (76, 77)]
[(44, 45)]
[]
[]
[]
[]
[]
[(40, 41)]
[]
[]
[(39, 40)]
[(39, 40)]
[]
[]
[(40, 41)]
[]
[]
[]
[]
[(44, 45), (95, 96), (143, 144)]
[(45, 47), (76, 78)]
[]
[(51, 53), (69, 72)]
[(55, 59), (65, 67)]
[(61, 63), (151, 153)]
[]
[(108, 109)]
[]
[(123, 124), (159, 160)]
[]
[]
[]
[]
[]
[]
[(135, 136)]
[]
[(174, 175)]
[]
[]
[]
[]
[]
[(149, 150)]
[]
[]
[]
[]
[]
[]
[]
[]
[(169, 170)]
[(166, 167)]
[]
[]
[]
[]
[]
[]
[]
[]
[]
[]
[]
[]
[]
[]
[]
[]
[]
[]
[]
[]
[]
[]
[]
[]
[]
[]
[]
