(1000, 1000)
(0, [])
(1, [])
(2, [])
(3, [])
(4, [])
(5, [])
(6, [])
(7, [])
(8, [])
(9, [])
(10, [])
(11, [])
(12, [])
(13, [])
(14, [])
(15, [])
(16, [])
(17, [])
(18, [])
(19, [])
(20, [])
(21, [])
(22, [])
(23, [])
(24, [])
(25, [])
(26, [])
(27, [])
(28, [])
(29, [])
(30, [])
(31, [])
(32, [])
(33, [])
(34, [])
(35, [])
(36, [])
(37, [])
(38, [])
(39, [])
(40, [])
(41, [])
(42, [])
(43, [])
(44, [])
(45, [])
(46, [])
(47, [])
(48, [])
(49, [])
(50, [])
(51, [])
(52, [])
(53, [])
(54, [])
(55, [])
(56, [])
(57, [])
(58, [])
(59, [])
(60, [])
(61, [])
(62, [])
(63, [])
(64, [])
(65, [])
(66, [])
(67, [])
(68, [])
(69, [])
(70, [])
(71, [])
(72, [])
(73, [])
(74, [])
(75, [])
(76, [])
(77, [])
(78, [])
(79, [])
(80, [])
(81, [])
(82, [])
(83, [])
(84, [])
(85, [])
(86, [])
(87, [])
(88, [])
(89, [])
(90, [])
(91, [])
(92, [])
(93, [])
(94, [])
(95, [])
(96, [])
(97, [])
(98, [])
(99, [])
(100, [])
(101, [])
(102, [])
(103, [])
(104, [])
(105, [])
(106, [])
(107, [])
(108, [])
(109, [])
(110, [])
(111, [])
(112, [])
(113, [])
(114, [])
(115, [])
(116, [])
(117, [])
(118, [])
(119, [])
(120, [])
(121, [])
(122, [])
(123, [])
(124, [])
(125, [])
(126, [])
(127, [])
(128, [])
(129, [])
(130, [])
(131, [])
(132, [])
(133, [])
(134, [])
(135, [])
(136, [])
(137, [])
(138, [])
(139, [])
(140, [])
(141, [])
(142, [])
(143, [])
(144, [(0, 1000)])
(145, [(0, 1000)])
(146, [(0, 1000)])
(147, [(0, 1000)])
(148, [(0, 1000)])
(149, [(0, 1000)])
(150, [(0, 1000)])
(151, [(0, 1000)])
(152, [(0, 1000)])
(153, [(0, 1000)])
(154, [(0, 1000)])
(155, [(0, 1000)])
(156, [(0, 1000)])
(157, [(0, 1000)])
(158, [(0, 1000)])
(159, [(0, 1000)])
(160, [(0, 1000)])
(161, [(0, 1000)])
(162, [(0, 1000)])
(163, [(0, 1000)])
(164, [(0, 1000)])
(165, [(0, 1000)])
(166, [(0, 1000)])
(167, [(0, 1000)])
(168, [(0, 1000)])
(169, [(0, 1000)])
(170, [(0, 1000)])
(171, [(0, 1000)])
(172, [(0, 1000)])
(173, [(0, 1000)])
(174, [(0, 1000)])
(175, [(0, 1000)])
(176, [(0, 1000)])
(177, [(0, 1000)])
(178, [(0, 1000)])
(179, [(0, 1000)])
(180, [(0, 1000)])
(181, [(0, 1000)])
(182, [(0, 1000)])
(183, [(0, 1000)])
(184, [(0, 1000)])
(185, [(0, 1000)])
(186, [(0, 1000)])
(187, [(0, 1000)])
(188, [(0, 1000)])
(189, [(0, 1000)])
(190, [(0, 1000)])
(191, [(0, 1000)])
(192, [(0, 1000)])
(193, [(0, 1000)])
(194, [(0, 1000)])
(195, [(0, 1000)])
(196, [(0, 1000)])
(197, [(0, 1000)])
(198, [(0, 1000)])
(199, [(0, 1000)])
(200, [(0, 1000)])
(201, [(0, 1000)])
(202, [(0, 1000)])
(203, [(0, 1000)])
(204, [(0, 1000)])
(205, [(0, 1000)])
(206, [(0, 1000)])
(207, [(0, 1000)])
(208, [(0, 1000)])
(209, [(0, 1000)])
(210, [(0, 1000)])
(211, [(0, 1000)])
(212, [(0, 1000)])
(213, [(0, 1000)])
(214, [(0, 1000)])
(215, [(0, 1000)])
(216, [(0, 1000)])
(217, [(0, 1000)])
(218, [(0, 1000)])
(219, [(0, 1000)])
(220, [(0, 1000)])
(221, [(0, 1000)])
(222, [(0, 1000)])
(223, [(0, 1000)])
(224, [(0, 1000)])
(225, [(0, 1000)])
(226, [(0, 1000)])
(227, [(0, 1000)])
(228, [(0, 1000)])
(229, [(0, 1000)])
(230, [(0, 1000)])
(231, [(0, 1000)])
(232, [(0, 1000)])
(233, [(0, 1000)])
(234, [(0, 1000)])
(235, [(0, 1000)])
(236, [(0, 1000)])
(237, [(0, 1000)])
(238, [(0, 1000)])
(239, [(0, 1000)])
(240, [(0, 1000)])
(241, [(0, 1000)])
(242, [(0, 1000)])
(243, [(0, 1000)])
(244, [(0, 1000)])
(245, [(0, 1000)])
(246, [(0, 1000)])
(247, [(0, 1000)])
(248, [(0, 1000)])
(249, [(0, 1000)])
(250, [(0, 1000)])
(251, [(0, 1000)])
(252, [(0, 1000)])
(253, [(0, 1000)])
(254, [(0, 1000)])
(255, [(0, 1000)])
(256, [(0, 1000)])
(257, [(0, 1000)])
(258, [(0, 1000)])
(259, [(0, 1000)])
(260, [(0, 1000)])
(261, [(0, 1000)])
(262, [(0, 1000)])
(263, [(0, 1000)])
(264, [(0, 1000)])
(265, [(0, 1000)])
(266, [(0, 1000)])
(267, [(0, 1000)])
(268, [(0, 1000)])
(269, [(0, 1000)])
(270, [(0, 1000)])
(271, [(0, 1000)])
(272, [(0, 1000)])
(273, [(0, 1000)])
(274, [(0, 1000)])
(275, [(0, 1000)])
(276, [(0, 1000)])
(277, [(0, 1000)])
(278, [(0, 1000)])
(279, [(0, 1000)])
(280, [(0, 1000)])
(281, [(0, 1000)])
(282, [(0, 1000)])
(283, [(0, 1000)])
(284, [(0, 1000)])
(285, [(0, 1000)])
(286, [(0, 1000)])
(287, [(0, 1000)])
(288, [])
(289, [])
(290, [])
(291, [])
(292, [])
(293, [])
(294, [])
(295, [])
(296, [])
(297, [])
(298, [])
(299, [])
(300, [])
(301, [])
(302, [])
(303, [])
(304, [])
(305, [])
(306, [])
(307, [])
(308, [])
(309, [])
(310, [])
(311, [])
(312, [])
(313, [])
(314, [])
(315, [])
(316, [])
(317, [])
(318, [])
(319, [])
(320, [])
(321, [])
(322, [])
(323, [])
(324, [])
(325, [])
(326, [])
(327, [])
(328, [])
(329, [])
(330, [])
(331, [])
(332, [])
(333, [])
(334, [])
(335, [])
(336, [])
(337, [])
(338, [])
(339, [])
(340, [])
(341, [])
(342, [])
(343, [])
(344, [])
(345, [])
(346, [])
(347, [])
(348, [])
(349, [])
(350, [])
(351, [])
(352, [])
(353, [])
(354, [])
(355, [])
(356, [])
(357, [])
(358, [])
(359, [])
(360, [])
(361, [])
(362, [])
(363, [])
(364, [])
(365, [])
(366, [])
(367, [])
(368, [])
(369, [])
(370, [])
(371, [])
(372, [])
(373, [])
(374, [])
(375, [])
(376, [])
(377, [])
(378, [])
(379, [])
(380, [])
(381, [])
(382, [])
(383, [])
(384, [])
(385, [])
(386, [])
(387, [])
(388, [])
(389, [])
(390, [])
(391, [])
(392, [])
(393, [])
(394, [])
(395, [])
(396, [])
(397, [])
(398, [])
(399, [])
(400, [])
(401, [])
(402, [])
(403, [])
(404, [])
(405, [])
(406, [])
(407, [])
(408, [])
(409, [])
(410, [])
(411, [])
(412, [])
(413, [])
(414, [])
(415, [])
(416, [])
(417, [])
(418, [])
(419, [])
(420, [])
(421, [])
(422, [])
(423, [])
(424, [])
(425, [])
(426, [])
(427, [])
(428, [])
(429, [])
(430, [])
(431, [])
(432, [(0, 1000)])
(433, [(0, 1000)])
(434, [(0, 1000)])
(435, [(0, 1000)])
(436, [(0, 1000)])
(437, [(0, 1000)])
(438, [(0, 1000)])
(439, [(0, 1000)])
(440, [(0, 1000)])
(441, [(0, 1000)])
(442, [(0, 1000)])
(443, [(0, 1000)])
(444, [(0, 1000)])
(445, [(0, 1000)])
(446, [(0, 1000)])
(447, [(0, 1000)])
(448, [(0, 1000)])
(449, [(0, 1000)])
(450, [(0, 1000)])
(451, [(0, 1000)])
(452, [(0, 1000)])
(453, [(0, 1000)])
(454, [(0, 1000)])
(455, [(0, 1000)])
(456, [(0, 1000)])
(457, [(0, 1000)])
(458, [(0, 1000)])
(459, [(0, 1000)])
(460, [(0, 1000)])
(461, [(0, 1000)])
(462, [(0, 1000)])
(463, [(0, 1000)])
(464, [(0, 1000)])
(465, [(0, 1000)])
(466, [(0, 1000)])
(467, [(0, 1000)])
(468, [(0, 1000)])
(469, [(0, 1000)])
(470, [(0, 1000)])
(471, [(0, 1000)])
(472, [(0, 1000)])
(473, [(0, 1000)])
(474, [(0, 1000)])
(475, [(0, 1000)])
(476, [(0, 1000)])
(477, [(0, 1000)])
(478, [(0, 1000)])
(479, [(0, 1000)])
(480, [(0, 1000)])
(481, [(0, 1000)])
(482, [(0, 1000)])
(483, [(0, 1000)])
(484, [(0, 1000)])
(485, [(0, 1000)])
(486, [(0, 1000)])
(487, [(0, 1000)])
(488, [(0, 1000)])
(489, [(0, 1000)])
(490, [(0, 1000)])
(491, [(0, 1000)])
(492, [(0, 1000)])
(493, [(0, 1000)])
(494, [(0, 1000)])
(495, [(0, 1000)])
(496, [(0, 1000)])
(497, [(0, 1000)])
(498, [(0, 1000)])
(499, [(0, 1000)])
(500, [(0, 1000)])
(501, [(0, 1000)])
(502, [(0, 1000)])
(503, [(0, 1000)])
(504, [(0, 1000)])
(505, [(0, 1000)])
(506, [(0, 1000)])
(507, [(0, 1000)])
(508, [(0, 1000)])
(509, [(0, 1000)])
(510, [(0, 1000)])
(511, [(0, 1000)])
(512, [(0, 1000)])
(513, [(0, 1000)])
(514, [(0, 1000)])
(515, [(0, 1000)])
(516, [(0, 1000)])
(517, [(0, 1000)])
(518, [(0, 1000)])
(519, [(0, 1000)])
(520, [(0, 1000)])
(521, [(0, 1000)])
(522, [(0, 1000)])
(523, [(0, 1000)])
(524, [(0, 1000)])
(525, [(0, 1000)])
(526, [(0, 1000)])
(527, [(0, 1000)])
(528, [(0, 1000)])
(529, [(0, 1000)])
(530, [(0, 1000)])
(531, [(0, 1000)])
(532, [(0, 1000)])
(533, [(0, 1000)])
(534, [(0, 1000)])
(535, [(0, 1000)])
(536, [(0, 1000)])
(537, [(0, 1000)])
(538, [(0, 1000)])
(539, [(0, 1000)])
(540, [(0, 1000)])
(541, [(0, 1000)])
(542, [(0, 1000)])
(543, [(0, 1000)])
(544, [(0, 1000)])
(545, [(0, 1000)])
(546, [(0, 1000)])
(547, [(0, 1000)])
(548, [(0, 1000)])
(549, [(0, 1000)])
(550, [(0, 1000)])
(551, [(0, 1000)])
(552, [(0, 1000)])
(553, [(0, 1000)])
(554, [(0, 1000)])
(555, [(0, 1000)])
(556, [(0, 1000)])
(557, [(0, 1000)])
(558, [(0, 1000)])
(559, [(0, 1000)])
(560, [(0, 1000)])
(561, [(0, 1000)])
(562, [(0, 1000)])
(563, [(0, 1000)])
(564, [(0, 1000)])
(565, [(0, 1000)])
(566, [(0, 1000)])
(567, [(0, 1000)])
(568, [(0, 1000)])
(569, [(0, 1000)])
(570, [(0, 1000)])
(571, [(0, 1000)])
(572, [(0, 1000)])
(573, [(0, 1000)])
(574, [(0, 1000)])
(575, [(0, 1000)])
(576, [])
(577, [])
(578, [])
(579, [])
(580, [])
(581, [])
(582, [])
(583, [])
(584, [])
(585, [])
(586, [])
(587, [])
(588, [])
(589, [])
(590, [])
(591, [])
(592, [])
(593, [])
(594, [])
(595, [])
(596, [])
(597, [])
(598, [])
(599, [])
(600, [])
(601, [])
(602, [])
(603, [])
(604, [])
(605, [])
(606, [])
(607, [])
(608, [])
(609, [])
(610, [])
(611, [])
(612, [])
(613, [])
(614, [])
(615, [])
(616, [])
(617, [])
(618, [])
(619, [])
(620, [])
(621, [])
(622, [])
(623, [])
(624, [])
(625, [])
(626, [])
(627, [])
(628, [])
(629, [])
(630, [])
(631, [])
(632, [])
(633, [])
(634, [])
(635, [])
(636, [])
(637, [])
(638, [])
(639, [])
(640, [])
(641, [])
(642, [])
(643, [])
(644, [])
(645, [])
(646, [])
(647, [])
(648, [])
(649, [])
(650, [])
(651, [])
(652, [])
(653, [])
(654, [])
(655, [])
(656, [])
(657, [])
(658, [])
(659, [])
(660, [])
(661, [])
(662, [])
(663, [])
(664, [])
(665, [])
(666, [])
(667, [])
(668, [])
(669, [])
(670, [])
(671, [])
(672, [])
(673, [])
(674, [])
(675, [])
(676, [])
(677, [])
(678, [])
(679, [])
(680, [])
(681, [])
(682, [])
(683, [])
(684, [])
(685, [])
(686, [])
(687, [])
(688, [])
(689, [])
(690, [])
(691, [])
(692, [])
(693, [])
(694, [])
(695, [])
(696, [])
(697, [])
(698, [])
(699, [])
(700, [])
(701, [])
(702, [])
(703, [])
(704, [])
(705, [])
(706, [])
(707, [])
(708, [])
(709, [])
(710, [])
(711, [])
(712, [])
(713, [])
(714, [])
(715, [])
(716, [])
(717, [])
(718, [])
(719, [])
(720, [(0, 1000)])
(721, [(0, 1000)])
(722, [(0, 1000)])
(723, [(0, 1000)])
(724, [(0, 1000)])
(725, [(0, 1000)])
(726, [(0, 1000)])
(727, [(0, 1000)])
(728, [(0, 1000)])
(729, [(0, 1000)])
(730, [(0, 1000)])
(731, [(0, 1000)])
(732, [(0, 1000)])
(733, [(0, 1000)])
(734, [(0, 1000)])
(735, [(0, 1000)])
(736, [(0, 1000)])
(737, [(0, 1000)])
(738, [(0, 1000)])
(739, [(0, 1000)])
(740, [(0, 1000)])
(741, [(0, 1000)])
(742, [(0, 1000)])
(743, [(0, 1000)])
(744, [(0, 1000)])
(745, [(0, 1000)])
(746, [(0, 1000)])
(747, [(0, 1000)])
(748, [(0, 1000)])
(749, [(0, 1000)])
(750, [(0, 1000)])
(751, [(0, 1000)])
(752, [(0, 1000)])
(753, [(0, 1000)])
(754, [(0, 1000)])
(755, [(0, 1000)])
(756, [(0, 1000)])
(757, [(0, 1000)])
(758, [(0, 1000)])
(759, [(0, 1000)])
(760, [(0, 1000)])
(761, [(0, 1000)])
(762, [(0, 1000)])
(763, [(0, 1000)])
(764, [(0, 1000)])
(765, [(0, 1000)])
(766, [(0, 1000)])
(767, [(0, 1000)])
(768, [(0, 1000)])
(769, [(0, 1000)])
(770, [(0, 1000)])
(771, [(0, 1000)])
(772, [(0, 1000)])
(773, [(0, 1000)])
(774, [(0, 1000)])
(775, [(0, 1000)])
(776, [(0, 1000)])
(777, [(0, 1000)])
(778, [(0, 1000)])
(779, [(0, 1000)])
(780, [(0, 1000)])
(781, [(0, 1000)])
(782, [(0, 1000)])
(783, [(0, 1000)])
(784, [(0, 1000)])
(785, [(0, 1000)])
(786, [(0, 1000)])
(787, [(0, 1000)])
(788, [(0, 1000)])
(789, [(0, 1000)])
(790, [(0, 1000)])
(791, [(0, 1000)])
(792, [(0, 1000)])
(793, [(0, 1000)])
(794, [(0, 1000)])
(795, [(0, 1000)])
(796, [(0, 1000)])
(797, [(0, 1000)])
(798, [(0, 1000)])
(799, [(0, 1000)])
(800, [(0, 1000)])
(801, [(0, 1000)])
(802, [(0, 1000)])
(803, [(0, 1000)])
(804, [(0, 1000)])
(805, [(0, 1000)])
(806, [(0, 1000)])
(807, [(0, 1000)])
(808, [(0, 1000)])
(809, [(0, 1000)])
(810, [(0, 1000)])
(811, [(0, 1000)])
(812, [(0, 1000)])
(813, [(0, 1000)])
(814, [(0, 1000)])
(815, [(0, 1000)])
(816, [(0, 1000)])
(817, [(0, 1000)])
(818, [(0, 1000)])
(819, [(0, 1000)])
(820, [(0, 1000)])
(821, [(0, 1000)])
(822, [(0, 1000)])
(823, [(0, 1000)])
(824, [(0, 1000)])
(825, [(0, 1000)])
(826, [(0, 1000)])
(827, [(0, 1000)])
(828, [(0, 1000)])
(829, [(0, 1000)])
(830, [(0, 1000)])
(831, [(0, 1000)])
(832, [(0, 1000)])
(833, [(0, 1000)])
(834, [(0, 1000)])
(835, [(0, 1000)])
(836, [(0, 1000)])
(837, [(0, 1000)])
(838, [(0, 1000)])
(839, [(0, 1000)])
(840, [(0, 1000)])
(841, [(0, 1000)])
(842, [(0, 1000)])
(843, [(0, 1000)])
(844, [(0, 1000)])
(845, [(0, 1000)])
(846, [(0, 1000)])
(847, [(0, 1000)])
(848, [(0, 1000)])
(849, [(0, 1000)])
(850, [(0, 1000)])
(851, [(0, 1000)])
(852, [(0, 1000)])
(853, [(0, 1000)])
(854, [(0, 1000)])
(855, [(0, 1000)])
(856, [(0, 1000)])
(857, [(0, 1000)])
(858, [(0, 1000)])
(859, [(0, 1000)])
(860, [(0, 1000)])
(861, [(0, 1000)])
(862, [(0, 1000)])
(863, [(0, 1000)])
(864, [])
(865, [])
(866, [])
(867, [])
(868, [])
(869, [])
(870, [])
(871, [])
(872, [])
(873, [])
(874, [])
(875, [])
(876, [])
(877, [])
(878, [])
(879, [])
(880, [])
(881, [])
(882, [])
(883, [])
(884, [])
(885, [])
(886, [])
(887, [])
(888, [])
(889, [])
(890, [])
(891, [])
(892, [])
(893, [])
(894, [])
(895, [])
(896, [])
(897, [])
(898, [])
(899, [])
(900, [])
(901, [])
(902, [])
(903, [])
(904, [])
(905, [])
(906, [])
(907, [])
(908, [])
(909, [])
(910, [])
(911, [])
(912, [])
(913, [])
(914, [])
(915, [])
(916, [])
(917, [])
(918, [])
(919, [])
(920, [])
(921, [])
(922, [])
(923, [])
(924, [])
(925, [])
(926, [])
(927, [])
(928, [])
(929, [])
(930, [])
(931, [])
(932, [])
(933, [])
(934, [])
(935, [])
(936, [])
(937, [])
(938, [])
(939, [])
(940, [])
(941, [])
(942, [])
(943, [])
(944, [])
(945, [])
(946, [])
(947, [])
(948, [])
(949, [])
(950, [])
(951, [])
(952, [])
(953, [])
(954, [])
(955, [])
(956, [])
(957, [])
(958, [])
(959, [])
(960, [])
(961, [])
(962, [])
(963, [])
(964, [])
(965, [])
(966, [])
(967, [])
(968, [])
(969, [])
(970, [])
(971, [])
(972, [])
(973, [])
(974, [])
(975, [])
(976, [])
(977, [])
(978, [])
(979, [])
(980, [])
(981, [])
(982, [])
(983, [])
(984, [])
(985, [])
(986, [])
(987, [])
(988, [])
(989, [])
(990, [])
(991, [])
(992, [])
(993, [])
(994, [])
(995, [])
(996, [])
(997, [])
(998, [])
(999, [])
