(256, 256)
[(170, 172), (173, 175), (176, 177), (191, 193), (194, 195), (200, 201), (203, 205), (228, 249)]
[(170, 200), (228, 250), (253, 254)]
[(165, 166), (169, 202), (225, 227), (229, 251), (252, 253)]
[(93, 94), (162, 164), (165, 166), (167, 168), (169, 202), (226, 229), (230, 252)]
[(145, 146), (148, 152), (159, 160), (165, 166), (167, 201), (229, 235), (236, 249), (253, 254), (255, 256)]
[(133, 135), (144, 145), (148, 149), (164, 202), (226, 232), (233, 248), (250, 253)]
[(57, 60), (69, 71), (130, 133), (168, 203), (229, 252), (255, 256)]
[(31, 32), (128, 136), (149, 150), (162, 203), (222, 223), (229, 251), (252, 255)]
[(29, 32), (131, 141), (164, 165), (167, 203), (204, 205), (216, 217), (228, 250), (251, 252), (253, 256)]
[(138, 144), (164, 167), (169, 171), (172, 179), (180, 186), (187, 206), (229, 246), (247, 249), (251, 254), (255, 256)]
[(26, 29), (140, 142), (144, 148), (159, 160), (162, 164), (165, 183), (184, 203), (204, 205), (228, 251), (252, 253), (255, 256)]
[(5, 6), (127, 128), (139, 141), (143, 146), (147, 153), (163, 167), (168, 175), (177, 180), (182, 185), (186, 208), (226, 227), (229, 256)]
[(149, 160), (165, 166), (168, 178), (179, 195), (196, 207), (214, 215), (225, 226), (228, 251), (252, 253), (254, 255)]
[(131, 132), (137, 138), (139, 140), (155, 168), (171, 188), (189, 193), (194, 208), (227, 247), (249, 255)]
[(146, 147), (159, 211), (225, 226), (227, 248), (249, 250), (254, 255)]
[(132, 134), (162, 164), (166, 178), (179, 208), (209, 210), (229, 244), (245, 250), (253, 254)]
[(122, 125), (126, 128), (133, 135), (149, 150), (161, 187), (190, 207), (209, 210), (222, 223), (227, 250), (251, 252)]
[(58, 59), (118, 121), (151, 152), (159, 179), (183, 185), (186, 188), (190, 192), (193, 194), (195, 198), (199, 212), (213, 214), (218, 219), (229, 249), (250, 251), (254, 255)]
[(80, 81), (120, 122), (124, 126), (150, 151), (153, 161), (165, 167), (171, 177), (178, 182), (186, 193), (194, 209), (210, 217), (218, 219), (220, 222), (228, 251)]
[(55, 56), (117, 119), (135, 136), (140, 141), (146, 163), (170, 172), (173, 174), (175, 176), (178, 180), (186, 187), (188, 208), (209, 219), (220, 222), (229, 249), (252, 253)]
[(42, 43), (119, 123), (127, 128), (142, 149), (150, 157), (159, 161), (164, 165), (168, 170), (171, 173), (174, 176), (177, 182), (183, 207), (209, 220), (223, 250), (253, 254), (255, 256)]
[(117, 118), (146, 147), (148, 152), (165, 178), (179, 214), (215, 217), (218, 221), (227, 249), (250, 251), (252, 253), (254, 256)]
[(49, 50), (53, 54), (138, 140), (144, 148), (149, 151), (152, 153), (155, 156), (161, 163), (165, 167), (168, 176), (178, 183), (184, 187), (188, 220), (224, 225), (228, 251), (254, 256)]
[(135, 136), (138, 139), (142, 143), (148, 153), (154, 165), (167, 169), (170, 171), (173, 174), (175, 182), (184, 189), (190, 221), (228, 249), (250, 251), (253, 256)]
[(19, 20), (132, 133), (134, 135), (138, 139), (140, 141), (144, 172), (174, 175), (177, 184), (185, 186), (187, 218), (228, 249), (252, 255)]
[(19, 24), (134, 135), (137, 138), (139, 140), (142, 174), (175, 180), (182, 183), (188, 220), (221, 222), (224, 249), (251, 255)]
[(30, 31), (40, 41), (92, 94), (117, 118), (123, 124), (129, 130), (132, 134), (144, 147), (149, 179), (183, 184), (185, 186), (193, 209), (210, 211), (215, 217), (218, 220), (221, 222), (223, 224), (225, 247), (251, 254), (255, 256)]
[(67, 70), (94, 96), (116, 117), (127, 129), (133, 135), (137, 138), (143, 144), (145, 146), (147, 148), (149, 150), (156, 188), (201, 225), (226, 239), (240, 248), (250, 256)]
[(15, 16), (17, 18), (23, 24), (72, 73), (116, 119), (127, 128), (132, 133), (141, 142), (143, 144), (146, 147), (148, 149), (150, 151), (155, 156), (160, 191), (195, 226), (227, 247), (250, 253), (254, 256)]
[(26, 27), (115, 117), (124, 125), (130, 131), (132, 135), (136, 137), (148, 149), (150, 151), (153, 154), (156, 157), (162, 185), (186, 187), (188, 190), (191, 192), (194, 196), (197, 221), (222, 247), (249, 252), (253, 256)]
[(20, 21), (73, 74), (116, 119), (131, 136), (137, 140), (142, 143), (146, 147), (148, 149), (150, 154), (155, 159), (163, 221), (222, 223), (224, 244), (245, 246), (248, 251), (252, 256)]
[(34, 35), (61, 62), (119, 121), (126, 127), (131, 133), (135, 137), (138, 139), (140, 142), (146, 149), (150, 152), (161, 170), (173, 241), (242, 243), (244, 247), (248, 250), (251, 255)]
[(116, 120), (134, 136), (138, 139), (141, 142), (146, 147), (157, 191), (192, 256)]
[(35, 36), (39, 40), (120, 121), (127, 128), (129, 130), (157, 245), (246, 252), (254, 256)]
[(36, 37), (118, 119), (121, 123), (125, 126), (151, 152), (155, 240), (241, 243), (244, 249), (250, 254)]
[(16, 17), (118, 120), (123, 124), (138, 142), (143, 256)]
[(138, 142), (143, 144), (145, 219), (220, 243), (245, 254), (255, 256)]
[(126, 127), (130, 134), (137, 152), (153, 172), (178, 220), (221, 222), (223, 225), (226, 252), (253, 256)]
[(23, 24), (103, 104), (124, 125), (127, 128), (133, 137), (144, 147), (148, 150), (151, 152), (154, 169), (193, 194), (195, 242), (244, 256)]
[(104, 105), (120, 122), (126, 132), (148, 163), (165, 169), (170, 171), (194, 227), (228, 237), (238, 249), (250, 252), (253, 256)]
[(125, 127), (141, 142), (144, 145), (148, 152), (168, 178), (195, 226), (228, 237), (238, 239), (240, 253), (254, 256)]
[(123, 124), (147, 150), (176, 180), (194, 240), (241, 244), (245, 256)]
[(13, 14), (15, 16), (119, 121), (143, 144), (145, 147), (189, 191), (193, 226), (227, 239), (242, 243), (245, 256)]
[(10, 11), (111, 112), (113, 115), (135, 136), (138, 143), (178, 182), (184, 221), (222, 255)]
[(109, 116), (130, 131), (135, 140), (158, 159), (164, 166), (177, 240), (241, 252), (253, 255)]
[(131, 134), (166, 170), (171, 255)]
[(129, 132), (167, 169), (170, 176), (178, 253)]
[(30, 35), (86, 88), (89, 90), (127, 129), (148, 150), (171, 215), (216, 218), (222, 224), (225, 239), (240, 253)]
[(25, 32), (124, 126), (130, 131), (133, 134), (140, 142), (166, 214), (215, 216), (222, 254), (255, 256)]
[(124, 125), (126, 132), (133, 135), (136, 138), (143, 145), (148, 154), (158, 160), (161, 179), (181, 214), (215, 216), (222, 251), (252, 254), (255, 256)]
[(74, 75), (94, 95), (121, 144), (146, 155), (157, 165), (166, 179), (180, 218), (219, 251), (252, 254)]
[(104, 105), (124, 159), (160, 200), (201, 219), (222, 251)]
[(8, 9), (74, 75), (116, 137), (145, 152), (154, 155), (168, 172), (173, 178), (179, 201), (202, 220), (222, 237), (238, 251), (254, 255)]
[(118, 122), (125, 131), (147, 150), (170, 171), (172, 177), (180, 184), (186, 221), (222, 252), (253, 255)]
[(84, 85), (124, 128), (141, 144), (146, 154), (174, 178), (179, 215), (216, 218), (219, 228), (230, 252), (253, 255)]
[(49, 50), (111, 112), (124, 126), (146, 151), (153, 158), (173, 226), (227, 231), (232, 252), (254, 255)]
[(17, 18), (29, 30), (106, 109), (115, 117), (147, 148), (149, 156), (171, 175), (176, 232), (233, 249)]
[(33, 37), (51, 52), (92, 93), (103, 108), (111, 116), (126, 128), (129, 131), (135, 136), (145, 146), (148, 152), (153, 165), (170, 193), (203, 211), (221, 228), (235, 252), (254, 255)]
[(39, 42), (101, 111), (112, 116), (120, 125), (126, 128), (134, 137), (146, 148), (149, 151), (153, 154), (156, 158), (159, 160), (168, 169), (170, 171), (173, 174), (175, 181), (183, 184), (185, 187), (189, 193), (200, 201), (203, 204), (206, 215), (216, 227), (231, 232), (235, 256)]
[(44, 46), (49, 50), (99, 105), (106, 109), (110, 114), (118, 119), (124, 125), (126, 127), (131, 132), (133, 134), (143, 144), (147, 150), (154, 167), (171, 173), (174, 178), (179, 181), (184, 189), (191, 192), (200, 202), (205, 225), (236, 252), (254, 255)]
[(97, 103), (105, 107), (110, 112), (118, 119), (121, 125), (130, 132), (134, 135), (148, 159), (161, 165), (172, 176), (179, 183), (185, 195), (196, 197), (199, 201), (203, 206), (208, 227), (236, 251)]
[(54, 55), (97, 106), (123, 125), (126, 127), (131, 133), (140, 141), (143, 145), (146, 148), (150, 153), (155, 156), (157, 162), (168, 169), (170, 197), (200, 203), (205, 206), (207, 225), (229, 230), (236, 251), (254, 255)]
[(33, 35), (36, 38), (54, 55), (56, 57), (80, 81), (86, 87), (97, 101), (124, 128), (129, 130), (137, 144), (145, 158), (167, 168), (169, 227), (235, 251), (253, 255)]
[(8, 9), (11, 13), (54, 57), (60, 63), (80, 84), (98, 100), (114, 115), (117, 118), (135, 144), (147, 148), (152, 154), (164, 198), (199, 215), (220, 227), (235, 244), (245, 251), (254, 255)]
[(7, 9), (22, 23), (28, 29), (49, 52), (79, 80), (85, 87), (96, 97), (110, 111), (119, 121), (122, 123), (133, 136), (137, 139), (141, 143), (145, 150), (160, 200), (201, 202), (203, 212), (213, 217), (218, 226), (227, 228), (235, 251), (254, 256)]
[(6, 8), (65, 66), (72, 73), (76, 77), (80, 81), (96, 98), (99, 103), (122, 124), (128, 130), (135, 137), (138, 149), (158, 197), (202, 203), (205, 206), (210, 215), (216, 226), (236, 251), (254, 256)]
[(7, 8), (13, 15), (111, 112), (119, 120), (129, 131), (132, 133), (134, 143), (144, 148), (155, 161), (163, 164), (165, 184), (185, 193), (195, 198), (199, 200), (201, 203), (206, 207), (209, 215), (216, 218), (220, 227), (229, 230), (234, 235), (236, 251), (253, 256)]
[(12, 13), (23, 24), (60, 62), (68, 70), (106, 107), (119, 120), (127, 128), (129, 130), (131, 148), (151, 152), (153, 154), (155, 185), (186, 188), (192, 194), (195, 199), (200, 206), (209, 218), (220, 226), (234, 235), (236, 256)]
[(50, 52), (53, 56), (64, 65), (67, 68), (89, 90), (102, 104), (109, 110), (116, 117), (124, 126), (128, 130), (131, 142), (146, 147), (150, 151), (152, 153), (154, 175), (179, 180), (186, 193), (194, 195), (197, 201), (207, 218), (219, 226), (236, 256)]
[(46, 49), (85, 86), (87, 88), (100, 104), (106, 107), (111, 112), (121, 122), (124, 138), (139, 141), (142, 143), (152, 177), (185, 198), (199, 227), (233, 234), (235, 251)]
[(8, 10), (14, 16), (20, 22), (24, 25), (40, 42), (44, 45), (54, 56), (62, 64), (114, 116), (121, 122), (124, 127), (129, 137), (141, 144), (145, 146), (150, 168), (183, 212), (213, 224), (225, 226), (233, 234), (236, 251), (255, 256)]
[(7, 8), (22, 27), (28, 30), (49, 53), (61, 65), (66, 69), (82, 83), (85, 88), (110, 111), (117, 120), (121, 122), (124, 137), (138, 141), (145, 147), (148, 150), (151, 153), (154, 156), (159, 161), (163, 164), (167, 168), (179, 180), (184, 209), (211, 215), (216, 226), (227, 228), (233, 234), (236, 240), (241, 252), (255, 256)]
[(41, 43), (51, 54), (55, 60), (61, 62), (63, 65), (66, 68), (85, 87), (106, 107), (110, 111), (115, 116), (120, 125), (127, 128), (130, 137), (143, 147), (150, 151), (153, 157), (158, 160), (161, 163), (169, 170), (171, 173), (181, 182), (183, 209), (210, 221), (222, 227), (228, 229), (235, 251), (255, 256)]
[(14, 17), (20, 21), (22, 23), (32, 33), (38, 39), (40, 41), (48, 49), (50, 51), (53, 54), (59, 60), (61, 62), (110, 111), (112, 115), (120, 121), (123, 124), (126, 127), (133, 134), (140, 146), (147, 148), (157, 159), (160, 161), (170, 171), (172, 176), (177, 213), (219, 227), (232, 233), (236, 250)]
[(34, 36), (39, 40), (47, 49), (104, 105), (106, 107), (111, 112), (113, 114), (121, 123), (125, 126), (136, 145), (147, 148), (151, 153), (162, 163), (164, 183), (184, 211), (212, 214), (215, 217), (220, 227), (232, 233), (236, 251)]
[(29, 30), (37, 38), (48, 50), (62, 69), (114, 115), (122, 123), (125, 127), (136, 140), (141, 144), (145, 146), (153, 154), (155, 156), (162, 164), (166, 167), (171, 211), (212, 217), (220, 227), (236, 251), (254, 256)]
[(18, 19), (27, 28), (29, 30), (47, 49), (50, 51), (53, 54), (55, 56), (62, 67), (115, 116), (133, 141), (142, 157), (158, 161), (162, 168), (169, 170), (171, 213), (216, 217), (220, 228), (231, 232), (235, 236), (237, 251), (254, 256)]
[(21, 22), (25, 26), (31, 32), (38, 39), (48, 49), (52, 54), (55, 56), (88, 89), (125, 127), (130, 138), (139, 143), (144, 147), (148, 157), (159, 211), (220, 229), (230, 232), (237, 251), (254, 256)]
[(29, 31), (39, 41), (54, 55), (94, 96), (97, 98), (105, 106), (112, 114), (115, 116), (117, 118), (124, 125), (128, 138), (144, 149), (150, 153), (154, 159), (160, 213), (217, 228), (231, 232), (237, 251), (254, 255)]
[(15, 16), (19, 20), (28, 29), (32, 33), (86, 87), (96, 98), (100, 101), (109, 110), (117, 118), (125, 127), (128, 138), (141, 142), (144, 145), (146, 147), (148, 149), (150, 151), (154, 211), (212, 213), (216, 218), (219, 229), (230, 231), (237, 240), (241, 251), (253, 255)]
[(9, 10), (88, 89), (90, 91), (93, 94), (96, 97), (115, 117), (125, 135), (136, 137), (139, 140), (141, 142), (144, 145), (146, 148), (149, 150), (151, 168), (169, 214), (216, 231), (236, 240), (241, 251), (252, 256)]
[(78, 79), (85, 88), (94, 95), (110, 114), (118, 121), (122, 128), (131, 132), (134, 136), (137, 138), (139, 140), (141, 144), (147, 214), (218, 231), (236, 240), (241, 251), (255, 256)]
[(24, 26), (31, 35), (82, 83), (86, 89), (109, 111), (113, 114), (120, 121), (124, 126), (128, 135), (136, 137), (138, 141), (143, 147), (148, 152), (153, 161), (162, 213), (216, 231), (236, 244), (245, 251), (255, 256)]
[(32, 34), (58, 60), (64, 65), (104, 105), (117, 118), (119, 124), (125, 137), (138, 141), (145, 146), (147, 148), (149, 214), (216, 230), (236, 240), (241, 244), (245, 251), (255, 256)]
[(20, 21), (63, 64), (80, 81), (84, 86), (88, 89), (91, 92), (94, 95), (113, 114), (115, 116), (118, 119), (122, 134), (135, 139), (141, 142), (143, 147), (148, 211), (212, 214), (215, 232), (236, 240), (241, 251), (255, 256)]
[(19, 21), (55, 58), (87, 88), (91, 93), (104, 105), (108, 109), (115, 116), (117, 120), (124, 136), (139, 148), (150, 155), (157, 211), (213, 230), (236, 240), (241, 251), (255, 256)]
[(18, 21), (58, 60), (79, 80), (86, 87), (89, 91), (116, 118), (119, 124), (125, 133), (137, 139), (141, 210), (213, 230), (236, 240), (241, 251), (255, 256)]
[(5, 6), (56, 57), (86, 88), (113, 114), (116, 117), (119, 120), (122, 134), (135, 136), (137, 138), (139, 140), (141, 150), (151, 212), (214, 216), (217, 231), (235, 239), (241, 243), (245, 251), (254, 256)]
[(41, 43), (88, 89), (101, 102), (111, 113), (116, 122), (123, 129), (132, 135), (136, 141), (142, 213), (216, 230), (235, 239), (241, 243), (245, 256)]
[(8, 9), (37, 39), (72, 73), (78, 80), (99, 100), (101, 104), (106, 108), (109, 110), (113, 116), (117, 121), (123, 124), (125, 128), (131, 135), (137, 145), (146, 175), (176, 177), (180, 213), (215, 230), (235, 243), (245, 252)]
[(37, 38), (41, 42), (91, 92), (93, 95), (106, 115), (116, 126), (127, 167), (170, 179), (183, 185), (186, 230), (236, 244), (246, 252)]
[(33, 34), (36, 38), (47, 49), (51, 52), (92, 97), (107, 109), (110, 113), (114, 115), (116, 117), (118, 119), (121, 122), (123, 124), (128, 132), (133, 168), (173, 175), (177, 179), (181, 183), (184, 230), (236, 240), (242, 256)]
[(33, 35), (37, 38), (48, 52), (63, 64), (80, 81), (87, 92), (97, 98), (104, 107), (108, 120), (121, 123), (126, 131), (133, 177), (179, 182), (185, 230), (235, 239), (240, 241), (242, 256)]
[(18, 20), (29, 30), (33, 35), (39, 40), (42, 44), (47, 48), (49, 52), (85, 86), (89, 90), (92, 94), (103, 112), (113, 117), (118, 119), (120, 121), (124, 130), (131, 176), (177, 180), (182, 185), (187, 230), (235, 239), (240, 252), (255, 256)]
[(29, 30), (32, 34), (37, 38), (49, 51), (55, 56), (88, 89), (92, 98), (100, 101), (103, 106), (108, 110), (111, 112), (114, 116), (118, 121), (122, 131), (132, 142), (143, 158), (159, 160), (161, 175), (176, 177), (180, 181), (184, 230), (235, 239), (240, 244), (245, 252), (255, 256)]
[(29, 30), (31, 32), (36, 37), (39, 40), (41, 42), (44, 46), (63, 64), (66, 68), (70, 71), (72, 73), (88, 91), (92, 94), (96, 98), (99, 101), (102, 104), (105, 111), (112, 117), (120, 121), (122, 126), (127, 130), (133, 150), (151, 157), (160, 161), (164, 175), (178, 179), (181, 183), (185, 230), (236, 240), (241, 243), (245, 256)]
[(20, 21), (23, 24), (31, 32), (42, 43), (44, 46), (48, 49), (51, 52), (66, 70), (88, 91), (93, 113), (115, 116), (120, 128), (129, 130), (131, 132), (133, 146), (147, 148), (149, 160), (166, 168), (169, 178), (180, 218), (219, 230), (236, 252), (253, 255)]
[(2, 3), (22, 23), (30, 31), (51, 52), (62, 63), (67, 68), (85, 86), (90, 96), (97, 112), (113, 115), (118, 124), (125, 127), (129, 130), (131, 132), (133, 154), (155, 158), (169, 184), (185, 219), (220, 230), (236, 240), (241, 256)]
[(2, 3), (18, 23), (47, 48), (50, 52), (53, 56), (62, 63), (68, 70), (73, 74), (76, 77), (78, 79), (84, 94), (95, 98), (99, 107), (110, 112), (116, 123), (125, 128), (129, 133), (135, 144), (145, 154), (156, 157), (170, 227), (236, 239), (241, 252), (253, 256)]
[(19, 23), (27, 28), (52, 55), (65, 67), (73, 74), (76, 77), (78, 79), (81, 82), (83, 85), (86, 87), (88, 91), (92, 93), (98, 99), (100, 107), (108, 109), (110, 116), (117, 128), (130, 141), (142, 155), (168, 228), (229, 230), (236, 240), (241, 252), (254, 256)]
[(17, 19), (20, 26), (28, 29), (36, 37), (55, 57), (60, 61), (63, 64), (74, 75), (79, 83), (85, 86), (87, 88), (89, 90), (91, 92), (94, 95), (97, 98), (100, 103), (104, 108), (109, 114), (115, 124), (125, 126), (127, 139), (144, 156), (157, 158), (166, 168), (169, 230), (236, 240), (241, 253), (254, 256)]
[(6, 7), (17, 20), (45, 46), (55, 57), (60, 61), (63, 64), (74, 75), (76, 78), (79, 85), (86, 87), (88, 90), (93, 96), (100, 102), (104, 108), (109, 111), (112, 114), (115, 119), (120, 123), (124, 125), (128, 138), (141, 153), (154, 155), (157, 158), (165, 225), (228, 231), (236, 256)]
[(0, 1), (21, 26), (39, 40), (48, 49), (69, 71), (72, 74), (76, 83), (84, 87), (88, 90), (91, 93), (96, 98), (100, 101), (102, 104), (106, 117), (119, 124), (125, 126), (127, 137), (141, 153), (154, 155), (157, 158), (161, 163), (166, 230), (236, 256)]
[(21, 28), (53, 54), (56, 57), (58, 59), (61, 63), (67, 68), (70, 71), (72, 73), (74, 76), (78, 83), (85, 86), (88, 89), (90, 91), (92, 93), (98, 99), (100, 101), (106, 107), (109, 115), (116, 118), (119, 124), (125, 132), (133, 136), (139, 140), (145, 156), (157, 158), (161, 163), (165, 230), (236, 256)]
[(15, 16), (17, 18), (23, 27), (31, 32), (62, 64), (69, 71), (72, 74), (75, 76), (78, 79), (82, 83), (84, 86), (88, 89), (91, 96), (97, 99), (103, 104), (107, 117), (118, 124), (125, 134), (135, 136), (139, 140), (142, 144), (146, 158), (161, 228), (229, 230), (236, 239), (241, 256)]
[(13, 17), (23, 24), (44, 46), (56, 58), (59, 62), (63, 64), (68, 71), (73, 78), (80, 81), (83, 84), (85, 88), (89, 90), (94, 95), (99, 100), (104, 111), (114, 134), (138, 142), (143, 160), (161, 226), (227, 230), (236, 239), (241, 256)]
[(8, 9), (18, 21), (22, 23), (49, 51), (59, 63), (68, 73), (74, 76), (77, 79), (82, 87), (89, 90), (91, 98), (102, 134), (140, 141), (142, 143), (144, 159), (160, 161), (162, 230), (236, 240), (241, 256)]
[(9, 11), (13, 15), (16, 20), (50, 51), (58, 60), (62, 65), (66, 67), (68, 70), (71, 73), (74, 78), (81, 82), (83, 85), (86, 88), (89, 90), (91, 94), (95, 96), (98, 99), (100, 120), (121, 128), (131, 132), (133, 135), (137, 141), (142, 144), (146, 161), (162, 230), (236, 256)]
[(7, 8), (10, 11), (14, 19), (24, 25), (49, 50), (54, 57), (60, 61), (67, 70), (71, 73), (74, 79), (80, 83), (84, 85), (86, 87), (89, 91), (92, 94), (98, 106), (114, 115), (116, 118), (119, 126), (129, 130), (133, 135), (136, 137), (139, 141), (142, 230), (236, 256)]
[(7, 9), (12, 15), (16, 18), (48, 51), (61, 67), (71, 75), (76, 79), (81, 89), (91, 95), (96, 107), (113, 115), (118, 124), (125, 126), (129, 131), (132, 133), (134, 136), (137, 138), (140, 144), (146, 230), (236, 253), (255, 256)]
[(7, 8), (10, 12), (13, 18), (19, 20), (45, 46), (49, 50), (57, 59), (60, 67), (70, 71), (72, 77), (78, 79), (82, 85), (86, 88), (92, 95), (99, 106), (110, 113), (114, 115), (116, 119), (120, 126), (127, 128), (129, 130), (131, 132), (133, 134), (136, 137), (138, 159), (160, 230), (236, 256)]
[(19, 20), (58, 61), (62, 69), (70, 71), (72, 73), (79, 88), (90, 91), (92, 97), (99, 105), (111, 114), (115, 123), (125, 127), (128, 130), (133, 134), (136, 138), (139, 145), (146, 163), (164, 186), (187, 188), (189, 230), (235, 245), (246, 256)]
[(8, 9), (14, 15), (17, 18), (36, 38), (46, 47), (48, 49), (50, 52), (59, 60), (61, 71), (72, 75), (78, 83), (86, 89), (90, 91), (92, 94), (96, 98), (99, 108), (110, 111), (116, 118), (121, 122), (123, 126), (128, 131), (136, 137), (138, 139), (140, 146), (147, 161), (162, 163), (164, 184), (188, 191), (193, 230), (235, 240), (241, 246), (247, 253), (254, 256)]
[(12, 18), (47, 48), (49, 50), (51, 52), (54, 56), (60, 67), (68, 82), (86, 88), (90, 91), (92, 106), (112, 113), (114, 119), (120, 124), (125, 126), (130, 131), (132, 133), (135, 139), (141, 142), (143, 161), (162, 183), (192, 230), (235, 256)]
[(11, 13), (14, 15), (16, 17), (38, 40), (48, 51), (55, 56), (57, 71), (72, 77), (78, 82), (83, 90), (91, 93), (95, 96), (97, 108), (112, 113), (114, 116), (118, 127), (130, 140), (141, 180), (187, 191), (192, 230), (235, 252), (255, 256)]
[(8, 9), (10, 12), (14, 16), (49, 50), (54, 58), (59, 64), (65, 72), (73, 79), (82, 90), (91, 96), (98, 103), (104, 105), (108, 110), (111, 116), (117, 118), (119, 121), (122, 127), (128, 129), (131, 134), (135, 139), (140, 163), (164, 165), (166, 180), (181, 185), (189, 190), (192, 229), (235, 253), (255, 256)]
[(12, 14), (15, 16), (53, 61), (62, 73), (80, 90), (91, 96), (98, 99), (100, 108), (110, 114), (116, 119), (121, 128), (129, 134), (135, 147), (148, 160), (161, 163), (166, 175), (176, 180), (184, 185), (191, 192), (193, 229), (235, 246), (247, 248), (249, 256)]
[(7, 8), (12, 13), (48, 49), (53, 72), (75, 77), (78, 96), (97, 100), (101, 103), (104, 105), (111, 112), (113, 114), (115, 116), (117, 122), (123, 125), (126, 128), (129, 135), (136, 163), (166, 170), (171, 176), (177, 180), (181, 183), (193, 229), (235, 240), (242, 251), (254, 256)]
[(16, 17), (23, 24), (36, 37), (48, 49), (52, 65), (66, 70), (73, 74), (76, 96), (98, 100), (101, 105), (107, 111), (112, 117), (118, 124), (125, 129), (130, 135), (136, 160), (165, 170), (171, 173), (175, 176), (177, 182), (184, 185), (189, 190), (193, 229), (235, 246), (247, 256)]
[(1, 2), (3, 4), (13, 14), (16, 17), (22, 23), (41, 43), (54, 64), (65, 68), (72, 101), (102, 109), (110, 112), (113, 122), (123, 129), (130, 135), (137, 144), (149, 161), (170, 174), (175, 182), (193, 230), (235, 240), (242, 256)]
[(3, 4), (17, 18), (19, 20), (33, 34), (52, 53), (55, 67), (68, 69), (72, 73), (74, 82), (83, 114), (115, 118), (119, 121), (122, 127), (128, 129), (130, 134), (136, 147), (149, 153), (154, 158), (159, 160), (168, 169), (170, 171), (173, 174), (176, 181), (193, 230), (235, 256)]
[(0, 1), (6, 9), (23, 24), (29, 30), (33, 34), (43, 44), (48, 50), (53, 63), (65, 66), (67, 69), (71, 79), (80, 107), (108, 115), (116, 117), (118, 126), (128, 129), (130, 132), (134, 145), (149, 158), (177, 181), (193, 230), (233, 234), (235, 256)]
[(1, 3), (6, 7), (8, 9), (16, 17), (19, 20), (36, 37), (48, 50), (53, 64), (66, 68), (70, 89), (90, 116), (117, 121), (122, 127), (128, 129), (131, 145), (149, 158), (177, 181), (193, 230), (234, 256)]
[(11, 13), (16, 17), (19, 20), (39, 40), (46, 47), (51, 52), (54, 59), (60, 64), (66, 67), (69, 116), (120, 132), (134, 135), (136, 145), (149, 158), (173, 174), (177, 181), (193, 229), (231, 247), (249, 250), (252, 253), (254, 255)]
[(16, 17), (21, 22), (32, 33), (35, 36), (39, 40), (41, 43), (53, 59), (60, 62), (65, 66), (69, 84), (85, 132), (133, 136), (137, 143), (144, 145), (149, 153), (154, 157), (170, 171), (173, 174), (177, 181), (193, 236), (237, 239), (243, 252), (253, 254)]
[(21, 22), (26, 28), (38, 39), (40, 42), (43, 44), (48, 49), (52, 64), (67, 68), (69, 118), (119, 120), (124, 128), (130, 145), (149, 154), (155, 158), (159, 160), (173, 174), (177, 181), (193, 233), (236, 237), (238, 241), (245, 247), (248, 249), (251, 252), (253, 254), (255, 256)]
[(16, 17), (29, 31), (35, 36), (40, 43), (44, 45), (50, 64), (66, 117), (118, 122), (124, 127), (128, 132), (133, 145), (149, 158), (173, 174), (176, 181), (182, 183), (193, 229), (231, 232), (233, 236), (237, 238), (239, 242), (245, 248), (249, 251), (253, 256)]
[(32, 34), (40, 42), (44, 46), (49, 51), (52, 53), (55, 63), (65, 75), (76, 119), (122, 129), (130, 146), (149, 159), (173, 174), (175, 181), (182, 183), (193, 228), (236, 238), (242, 243), (247, 249), (250, 254), (255, 256)]
[(3, 4), (32, 33), (39, 40), (41, 46), (47, 48), (49, 50), (51, 60), (61, 62), (64, 99), (100, 129), (132, 145), (146, 147), (149, 158), (169, 170), (171, 172), (173, 174), (176, 183), (191, 192), (193, 256)]
[(3, 4), (22, 23), (34, 35), (43, 45), (46, 50), (52, 53), (54, 60), (62, 64), (65, 98), (100, 130), (133, 147), (149, 158), (159, 160), (171, 185), (193, 227), (229, 256)]
[(25, 26), (32, 33), (42, 43), (46, 50), (51, 56), (59, 60), (62, 65), (66, 84), (85, 128), (136, 146), (147, 161), (169, 172), (173, 174), (176, 184), (185, 187), (192, 230), (231, 256)]
[(0, 1), (29, 32), (45, 49), (50, 53), (57, 59), (66, 128), (130, 132), (133, 145), (147, 192), (193, 231), (235, 256)]
[(29, 31), (41, 42), (43, 44), (45, 46), (48, 53), (55, 56), (57, 58), (62, 63), (64, 130), (133, 138), (139, 144), (145, 149), (150, 164), (169, 172), (178, 183), (184, 231), (238, 240), (244, 245), (246, 256)]
[(2, 3), (23, 24), (27, 28), (30, 31), (40, 42), (43, 45), (46, 47), (48, 49), (50, 52), (53, 54), (55, 56), (59, 60), (62, 90), (91, 122), (123, 131), (132, 135), (136, 137), (138, 143), (144, 146), (148, 149), (150, 162), (168, 186), (193, 230), (237, 238), (243, 244), (246, 249), (250, 252)]
[(18, 19), (21, 23), (28, 29), (40, 41), (45, 46), (48, 49), (51, 53), (55, 56), (63, 65), (66, 102), (103, 117), (119, 125), (129, 132), (134, 136), (141, 147), (148, 149), (150, 162), (169, 175), (176, 183), (187, 189), (192, 193), (194, 231), (239, 240), (248, 249), (251, 252)]
[(24, 25), (39, 41), (45, 46), (47, 48), (52, 54), (62, 63), (64, 65), (66, 99), (100, 103), (106, 108), (110, 117), (118, 119), (122, 126), (127, 131), (132, 133), (139, 140), (143, 144), (150, 162), (169, 172), (173, 177), (178, 186), (191, 192), (193, 231), (242, 243), (245, 246), (247, 248), (249, 252), (254, 255)]
[(27, 28), (33, 34), (38, 39), (43, 46), (48, 49), (51, 53), (54, 55), (64, 66), (67, 69), (70, 99), (101, 103), (107, 108), (110, 116), (117, 118), (120, 121), (136, 137), (139, 140), (150, 162), (169, 175), (176, 187), (194, 230), (242, 247), (248, 249), (251, 252), (254, 255)]
[(16, 17), (19, 20), (36, 37), (45, 46), (50, 51), (59, 60), (64, 65), (66, 106), (123, 125), (129, 130), (135, 137), (140, 146), (150, 162), (169, 170), (171, 173), (174, 175), (178, 187), (194, 231), (243, 246), (248, 249), (251, 252), (254, 255)]
[(17, 18), (25, 26), (29, 30), (42, 43), (44, 46), (49, 51), (52, 53), (54, 55), (56, 57), (61, 62), (66, 67), (68, 107), (108, 110), (112, 114), (121, 122), (126, 127), (130, 131), (132, 133), (139, 145), (150, 162), (169, 173), (174, 175), (179, 186), (194, 231), (251, 252)]
[(18, 19), (23, 24), (36, 37), (38, 39), (40, 41), (42, 45), (46, 49), (51, 54), (55, 57), (60, 64), (69, 73), (74, 102), (106, 107), (110, 111), (112, 113), (123, 125), (126, 127), (128, 133), (134, 135), (136, 143), (144, 147), (151, 161), (170, 171), (172, 173), (174, 175), (179, 186), (195, 231), (251, 253)]
[(18, 19), (22, 23), (37, 38), (41, 43), (44, 46), (47, 49), (50, 51), (52, 53), (54, 55), (57, 59), (61, 62), (63, 65), (66, 67), (68, 69), (71, 72), (75, 87), (88, 99), (100, 101), (105, 106), (107, 108), (125, 127), (128, 130), (132, 134), (135, 139), (142, 143), (151, 161), (172, 173), (174, 175), (178, 187), (195, 231), (252, 253)]
[(22, 24), (36, 37), (38, 41), (42, 44), (45, 46), (47, 52), (53, 56), (58, 60), (62, 66), (70, 73), (77, 85), (86, 87), (88, 90), (91, 102), (109, 110), (112, 113), (119, 120), (122, 124), (126, 128), (129, 130), (132, 133), (138, 146), (151, 161), (178, 187), (195, 231), (252, 253)]
[(21, 22), (24, 26), (29, 30), (35, 36), (40, 44), (48, 49), (51, 56), (57, 62), (63, 64), (65, 66), (68, 69), (71, 72), (73, 74), (75, 78), (79, 83), (84, 86), (89, 106), (111, 112), (118, 122), (125, 129), (130, 132), (133, 134), (136, 137), (138, 140), (142, 144), (152, 161), (181, 187), (195, 231), (252, 254)]
[(34, 36), (41, 46), (47, 50), (54, 55), (59, 61), (63, 68), (79, 86), (87, 103), (121, 122), (123, 125), (126, 128), (130, 131), (132, 137), (139, 140), (151, 161), (182, 184), (196, 231), (252, 254), (255, 256)]
[(15, 16), (35, 36), (40, 43), (46, 48), (52, 54), (55, 60), (61, 62), (63, 65), (66, 67), (78, 83), (84, 85), (90, 100), (101, 103), (106, 107), (113, 114), (122, 123), (124, 126), (128, 130), (132, 134), (136, 141), (153, 156), (157, 159), (184, 187), (196, 231)]
[(9, 10), (20, 21), (34, 35), (41, 46), (47, 51), (53, 64), (66, 67), (79, 82), (83, 84), (85, 86), (90, 92), (93, 100), (101, 102), (125, 126), (128, 129), (130, 133), (135, 136), (138, 139), (140, 142), (144, 145), (150, 155), (157, 158), (197, 231)]
[(14, 16), (19, 21), (22, 23), (41, 49), (53, 54), (56, 62), (63, 64), (69, 70), (73, 75), (79, 80), (82, 83), (84, 85), (94, 100), (123, 126), (129, 130), (131, 132), (141, 143), (146, 147), (151, 158), (185, 187), (197, 231)]
[(17, 18), (41, 47), (48, 50), (54, 60), (62, 64), (70, 72), (74, 78), (79, 80), (92, 98), (103, 104), (122, 123), (124, 125), (127, 129), (130, 131), (132, 133), (137, 138), (140, 141), (148, 159), (185, 187), (197, 231)]
[(21, 22), (35, 36), (39, 41), (42, 45), (46, 50), (52, 54), (55, 58), (59, 61), (68, 71), (76, 79), (81, 82), (83, 85), (90, 97), (102, 103), (124, 130), (131, 132), (133, 135), (136, 138), (145, 146), (148, 160), (173, 175), (198, 231)]
[(9, 10), (24, 25), (36, 37), (42, 43), (44, 46), (47, 49), (51, 52), (54, 64), (69, 71), (72, 75), (78, 79), (81, 82), (88, 89), (91, 99), (100, 101), (102, 103), (111, 113), (114, 116), (128, 129), (130, 131), (133, 136), (137, 138), (147, 149), (150, 160), (180, 184), (198, 231)]
[(16, 17), (44, 45), (46, 47), (53, 54), (56, 62), (63, 68), (69, 73), (78, 80), (84, 86), (89, 91), (92, 96), (98, 102), (103, 104), (107, 109), (111, 112), (114, 115), (120, 121), (123, 124), (127, 128), (131, 134), (136, 140), (145, 159), (163, 164), (188, 192), (198, 231)]
[(32, 34), (35, 39), (43, 44), (46, 47), (52, 54), (55, 60), (63, 64), (65, 68), (79, 80), (81, 82), (87, 88), (89, 91), (93, 95), (96, 101), (104, 105), (106, 109), (117, 118), (121, 123), (124, 125), (126, 127), (128, 131), (133, 136), (142, 145), (146, 159), (163, 165), (166, 167), (196, 231)]
[(34, 36), (46, 47), (55, 59), (60, 61), (62, 70), (78, 80), (81, 83), (87, 92), (93, 94), (95, 98), (100, 101), (102, 105), (107, 109), (127, 128), (130, 131), (132, 134), (140, 141), (146, 147), (148, 159), (163, 166), (168, 174), (175, 176), (198, 201), (202, 231)]
[(15, 17), (38, 39), (46, 47), (49, 50), (54, 58), (59, 60), (65, 72), (81, 82), (88, 93), (94, 97), (98, 99), (109, 110), (119, 120), (125, 126), (143, 145), (146, 147), (148, 160), (162, 165), (166, 181), (202, 232), (249, 250)]
[(36, 37), (39, 40), (48, 49), (51, 52), (55, 57), (58, 61), (63, 65), (66, 71), (85, 86), (88, 91), (93, 96), (97, 98), (102, 106), (112, 114), (115, 117), (118, 121), (122, 123), (128, 129), (135, 136), (141, 144), (145, 160), (161, 185), (202, 203), (208, 209), (210, 211), (213, 214), (215, 216), (217, 229), (231, 232)]
[(47, 48), (55, 58), (61, 62), (65, 66), (68, 69), (78, 80), (81, 82), (83, 84), (88, 91), (93, 94), (95, 96), (101, 103), (104, 106), (109, 111), (112, 115), (117, 121), (136, 137), (139, 140), (143, 144), (146, 159), (161, 162), (163, 168), (171, 190), (197, 198), (200, 203), (205, 212), (214, 215), (216, 218), (220, 227), (228, 231), (253, 254)]
[(34, 37), (54, 59), (65, 66), (68, 70), (73, 74), (78, 79), (80, 81), (82, 83), (84, 85), (89, 90), (92, 94), (95, 96), (97, 98), (100, 101), (103, 105), (107, 112), (113, 114), (118, 119), (121, 122), (125, 128), (136, 139), (146, 159), (161, 162), (163, 174), (175, 192), (193, 214), (216, 220), (222, 223), (227, 230), (250, 251), (253, 254)]
[(32, 36), (37, 38), (39, 41), (47, 49), (50, 51), (52, 54), (55, 56), (57, 59), (60, 61), (62, 63), (80, 85), (90, 92), (94, 99), (104, 105), (106, 107), (110, 111), (114, 115), (121, 122), (124, 126), (127, 128), (130, 131), (134, 135), (145, 162), (164, 187), (188, 220), (228, 231)]
[(31, 34), (35, 39), (52, 53), (54, 56), (58, 59), (60, 61), (62, 63), (66, 67), (68, 69), (87, 88), (90, 91), (92, 93), (95, 96), (100, 101), (103, 104), (105, 107), (114, 115), (116, 117), (118, 120), (124, 126), (130, 135), (137, 140), (146, 148), (149, 163), (164, 224), (250, 251)]
[(36, 40), (54, 55), (56, 57), (58, 59), (67, 68), (82, 87), (89, 93), (94, 95), (96, 99), (103, 108), (112, 113), (114, 122), (124, 125), (127, 132), (134, 135), (136, 137), (146, 163), (164, 223), (255, 256)]
[(31, 32), (36, 40), (41, 42), (45, 46), (51, 52), (53, 55), (56, 57), (58, 59), (60, 61), (84, 85), (86, 87), (88, 91), (92, 93), (95, 98), (100, 106), (113, 131), (134, 135), (138, 139), (140, 141), (143, 187), (189, 221), (223, 224)]
[(15, 16), (30, 32), (34, 37), (39, 40), (41, 42), (45, 48), (53, 54), (76, 77), (79, 80), (82, 83), (88, 90), (93, 98), (99, 102), (104, 117), (119, 120), (121, 127), (128, 130), (132, 136), (137, 145), (146, 162), (164, 187), (188, 224), (252, 253)]
[(6, 8), (15, 16), (37, 38), (42, 44), (48, 49), (60, 61), (84, 85), (87, 88), (89, 91), (93, 98), (99, 100), (101, 103), (104, 113), (114, 115), (116, 121), (122, 126), (127, 133), (134, 135), (136, 147), (148, 155), (156, 163), (164, 219), (220, 221), (223, 224), (225, 227)]
[(10, 11), (15, 16), (31, 34), (39, 40), (43, 44), (70, 71), (74, 76), (78, 79), (80, 81), (87, 88), (94, 99), (100, 101), (102, 103), (104, 115), (120, 122), (123, 124), (125, 127), (128, 129), (131, 137), (138, 140), (144, 163), (164, 218), (219, 220), (221, 222), (223, 224), (225, 227)]
[(30, 33), (34, 40), (45, 47), (53, 54), (72, 74), (87, 88), (89, 90), (93, 98), (99, 102), (104, 118), (120, 121), (122, 123), (125, 127), (128, 134), (135, 139), (144, 145), (149, 150), (152, 162), (164, 188), (189, 221), (225, 227)]
[(7, 9), (30, 31), (33, 40), (41, 42), (44, 46), (49, 50), (78, 79), (84, 86), (87, 88), (93, 100), (101, 119), (121, 123), (124, 125), (126, 139), (142, 143), (146, 154), (155, 163), (164, 166), (167, 219), (221, 222), (224, 226)]
[(8, 9), (31, 39), (40, 42), (45, 46), (77, 81), (82, 83), (87, 88), (90, 91), (92, 115), (116, 117), (121, 122), (125, 126), (128, 131), (132, 135), (136, 143), (144, 145), (148, 149), (150, 155), (157, 160), (163, 166), (167, 221), (224, 226)]
[(4, 5), (6, 7), (28, 29), (30, 33), (36, 39), (40, 41), (42, 43), (65, 66), (77, 79), (82, 85), (90, 92), (94, 111), (115, 117), (120, 123), (124, 126), (127, 137), (138, 139), (141, 146), (156, 166), (168, 170), (171, 219), (221, 222), (223, 226)]
[(8, 9), (20, 21), (31, 32), (34, 36), (39, 40), (74, 75), (78, 79), (81, 83), (84, 86), (88, 90), (92, 93), (95, 103), (106, 107), (111, 112), (120, 124), (125, 126), (127, 130), (133, 138), (139, 140), (142, 146), (151, 178), (179, 192), (193, 222), (223, 226)]
[(26, 27), (32, 35), (42, 43), (73, 76), (81, 83), (86, 88), (92, 93), (94, 98), (103, 104), (122, 123), (125, 127), (128, 129), (132, 133), (135, 136), (137, 142), (143, 145), (147, 148), (150, 151), (153, 164), (165, 168), (170, 178), (179, 218), (219, 221), (222, 226)]
[(10, 11), (27, 28), (31, 32), (33, 34), (40, 42), (78, 79), (80, 81), (88, 89), (95, 97), (103, 105), (112, 113), (116, 117), (124, 127), (133, 134), (136, 146), (147, 148), (149, 151), (156, 158), (159, 166), (170, 176), (178, 220), (222, 226)]
[(27, 28), (33, 35), (82, 84), (90, 91), (97, 98), (99, 101), (105, 106), (107, 109), (111, 112), (113, 116), (117, 118), (123, 124), (126, 128), (134, 135), (136, 137), (138, 141), (142, 148), (150, 152), (153, 155), (161, 169), (171, 177), (178, 190), (191, 226)]
[(16, 17), (22, 23), (25, 26), (32, 34), (88, 89), (99, 104), (107, 111), (115, 117), (118, 119), (123, 126), (130, 131), (133, 135), (137, 139), (140, 141), (143, 145), (147, 175), (176, 177), (178, 179), (180, 190), (192, 226)]
[(22, 23), (25, 26), (92, 94), (105, 107), (108, 110), (112, 113), (114, 117), (121, 126), (127, 129), (132, 133), (134, 135), (148, 149), (150, 156), (157, 168), (172, 174), (176, 177), (178, 188), (190, 225)]
[(22, 23), (26, 27), (81, 82), (92, 93), (94, 96), (102, 105), (108, 109), (110, 111), (114, 116), (118, 119), (121, 122), (123, 124), (125, 126), (127, 128), (129, 130), (131, 132), (134, 135), (139, 140), (141, 142), (145, 146), (148, 154), (155, 160), (162, 164), (166, 188), (190, 223)]
[(29, 30), (35, 36), (60, 61), (79, 80), (85, 86), (95, 96), (101, 102), (105, 108), (109, 111), (112, 115), (119, 120), (126, 127), (140, 142), (143, 148), (151, 166), (168, 187), (191, 194), (195, 223)]
[(87, 89), (103, 104), (105, 110), (112, 115), (117, 118), (123, 124), (125, 126), (130, 131), (134, 136), (140, 151), (152, 167), (172, 187), (191, 223)]
[(22, 23), (26, 27), (35, 36), (57, 58), (87, 88), (89, 90), (103, 104), (105, 106), (107, 109), (111, 118), (121, 124), (128, 129), (131, 132), (133, 134), (136, 139), (141, 149), (150, 151), (152, 153), (154, 167), (172, 173), (175, 186), (191, 222)]
[(2, 3), (60, 61), (90, 92), (96, 97), (99, 100), (105, 106), (115, 117), (121, 122), (123, 128), (129, 144), (145, 152), (153, 154), (155, 159), (160, 162), (163, 168), (172, 175), (178, 185), (191, 222)]
[(2, 3), (24, 25), (58, 59), (91, 92), (93, 95), (110, 111), (116, 118), (121, 127), (128, 129), (130, 133), (134, 135), (136, 141), (143, 148), (149, 166), (168, 169), (172, 174), (181, 183), (186, 187), (191, 222)]
[(2, 3), (92, 94), (107, 108), (110, 114), (127, 128), (132, 133), (134, 135), (136, 138), (139, 140), (143, 145), (148, 152), (154, 169), (170, 171), (184, 185), (189, 221)]
[(2, 3), (103, 104), (105, 106), (110, 112), (113, 114), (117, 118), (130, 134), (135, 136), (137, 138), (143, 144), (146, 149), (151, 152), (153, 155), (157, 158), (160, 161), (162, 176), (185, 221)]
[(88, 89), (103, 104), (105, 106), (108, 115), (118, 119), (135, 136), (137, 139), (148, 149), (151, 153), (154, 157), (161, 162), (164, 165), (166, 220)]
[(58, 59), (92, 93), (108, 109), (111, 114), (126, 127), (143, 145), (146, 148), (149, 150), (153, 155), (156, 157), (164, 220)]
[(19, 20), (47, 48), (58, 59), (91, 92), (107, 109), (124, 125), (128, 129), (130, 131), (139, 140), (145, 146), (150, 151), (152, 158), (161, 165), (167, 220)]
[(17, 18), (46, 47), (110, 111), (120, 121), (126, 127), (136, 137), (139, 142), (148, 149), (150, 152), (158, 160), (161, 220)]
[(40, 41), (47, 48), (109, 110), (111, 112), (113, 115), (117, 121), (122, 125), (131, 135), (136, 140), (141, 143), (144, 145), (147, 148), (149, 154), (155, 158), (159, 193), (194, 220)]
[(41, 42), (56, 57), (94, 95), (105, 106), (112, 114), (115, 116), (117, 118), (119, 120), (121, 122), (123, 124), (126, 127), (131, 132), (134, 135), (139, 140), (141, 147), (150, 160), (161, 220)]
[(15, 16), (105, 106), (110, 112), (115, 116), (117, 121), (122, 124), (136, 138), (139, 140), (141, 142), (143, 146), (148, 220)]
[(15, 16), (17, 19), (108, 111), (112, 114), (115, 116), (117, 118), (119, 122), (124, 125), (126, 128), (137, 138), (139, 140), (141, 142), (143, 144), (146, 150), (152, 157), (158, 162), (163, 218)]
[(15, 16), (17, 18), (32, 33), (105, 106), (109, 111), (113, 114), (119, 121), (124, 125), (126, 127), (128, 129), (133, 138), (141, 142), (144, 145), (146, 148), (149, 158), (159, 217)]
[(24, 25), (111, 112), (118, 120), (121, 122), (123, 124), (138, 139), (140, 154), (155, 156), (157, 158), (161, 216)]
[(43, 45), (108, 109), (114, 115), (122, 123), (125, 127), (131, 132), (133, 134), (135, 136), (137, 138), (139, 140), (141, 142), (143, 144), (145, 147), (148, 152), (153, 217)]
[(16, 18), (23, 24), (118, 120), (121, 122), (123, 124), (125, 127), (131, 134), (137, 138), (141, 143), (144, 149), (150, 151), (152, 216)]
[(17, 18), (23, 24), (29, 30), (41, 44), (71, 72), (117, 120), (135, 136), (140, 141), (145, 217)]
[(96, 97), (117, 120), (122, 126), (129, 133), (136, 137), (138, 139), (141, 148), (150, 151), (152, 157), (158, 216), (222, 223)]
[(28, 30), (88, 89), (91, 92), (110, 113), (114, 115), (121, 125), (128, 129), (132, 133), (134, 139), (140, 150), (151, 152), (153, 215), (219, 220)]
[(86, 87), (111, 112), (113, 116), (118, 125), (132, 136), (138, 141), (142, 155), (156, 214), (218, 219)]
[(35, 36), (111, 112), (114, 117), (118, 120), (121, 124), (125, 126), (128, 129), (130, 141), (142, 147), (149, 153), (155, 158), (159, 215), (216, 217), (239, 240)]
[(14, 16), (113, 116), (119, 121), (124, 125), (126, 127), (128, 129), (133, 140), (141, 145), (146, 148), (151, 152), (154, 214), (215, 216), (240, 241)]
[(32, 33), (80, 81), (119, 122), (125, 130), (132, 141), (143, 145), (146, 150), (151, 153), (154, 155), (158, 215), (216, 217), (241, 242)]
[(14, 15), (29, 31), (78, 79), (125, 130), (133, 136), (137, 138), (140, 147), (149, 151), (153, 154), (155, 159), (161, 215), (216, 217), (241, 242)]
[(1, 2), (29, 30), (31, 32), (34, 35), (89, 90), (141, 143), (144, 145), (147, 148), (151, 152), (153, 155), (156, 157), (158, 159), (162, 176), (177, 213), (214, 216), (241, 242)]
[(1, 2), (9, 10), (30, 31), (34, 36), (51, 53), (144, 145), (146, 147), (148, 149), (151, 158), (159, 175), (176, 213), (214, 215)]
[(31, 33), (86, 87), (88, 89), (94, 95), (105, 107), (114, 117), (118, 120), (121, 122), (128, 130), (131, 132), (154, 158), (159, 160), (161, 173), (176, 186), (188, 193), (194, 214), (243, 244)]
[(28, 29), (84, 87), (91, 92), (95, 101), (102, 103), (109, 110), (114, 115), (116, 118), (119, 121), (123, 126), (127, 128), (156, 159), (160, 172), (175, 183), (206, 208), (209, 214)]
[(90, 91), (92, 94), (96, 98), (99, 100), (101, 102), (115, 117), (118, 119), (130, 131), (161, 165), (167, 168), (210, 211), (212, 214)]
[(1, 4), (10, 11), (79, 80), (83, 84), (90, 92), (98, 103), (116, 120), (121, 122), (133, 134), (209, 211), (212, 213), (244, 245)]
[(0, 1), (2, 4), (110, 113), (119, 120), (121, 122), (132, 135), (172, 173), (175, 177), (206, 212), (213, 214), (224, 225), (227, 228), (242, 243)]
[(2, 3), (17, 18), (19, 20), (83, 84), (87, 89), (90, 91), (98, 99), (101, 102), (111, 112), (114, 115), (117, 118), (174, 177), (178, 179), (183, 184), (189, 190), (196, 197), (210, 214)]
[(2, 3), (6, 8), (20, 21), (83, 84), (86, 90), (100, 103), (182, 185), (198, 200), (202, 203), (205, 206), (209, 215), (244, 245)]
[(9, 11), (168, 174), (177, 178), (182, 183), (184, 187), (203, 212)]
[(3, 6), (16, 17), (134, 136), (147, 152), (153, 156), (166, 173), (175, 177), (180, 182), (183, 185), (188, 189), (190, 191), (195, 202), (203, 216), (225, 226)]
[(22, 23), (26, 27), (87, 88), (126, 127), (148, 152), (153, 164), (165, 180), (185, 186), (193, 194), (196, 203), (207, 210), (211, 215)]
[(87, 88), (89, 90), (107, 109), (111, 112), (157, 163), (164, 178), (191, 192), (203, 215)]
[(74, 75), (76, 77), (89, 90), (109, 111), (114, 115), (159, 161), (163, 164), (167, 171), (173, 184), (186, 189), (199, 204), (206, 215), (246, 247)]
[(6, 7), (86, 88), (90, 91), (104, 106), (107, 108), (113, 117), (119, 120), (123, 124), (126, 127), (144, 153), (177, 179), (182, 194), (195, 213), (214, 215)]
[(7, 9), (70, 71), (75, 76), (90, 91), (101, 104), (105, 106), (107, 110), (111, 115), (122, 124), (125, 126), (127, 142), (147, 152), (153, 155), (175, 178), (179, 214), (226, 229)]
[(9, 11), (82, 91), (94, 96), (99, 101), (102, 116), (117, 118), (119, 120), (124, 125), (126, 133), (135, 136), (137, 138), (139, 146), (159, 161), (171, 180), (184, 211), (213, 216)]
[(11, 12), (82, 90), (98, 99), (101, 102), (107, 108), (112, 114), (121, 123), (124, 127), (128, 129), (132, 134), (135, 137), (141, 159), (162, 166), (169, 171), (173, 174), (178, 183), (186, 202), (203, 214)]
[(23, 24), (29, 31), (33, 36), (37, 38), (95, 96), (104, 105), (110, 113), (114, 115), (118, 120), (123, 126), (127, 128), (132, 133), (137, 149), (152, 155), (159, 160), (165, 166), (168, 169), (170, 171), (173, 178), (180, 182), (184, 213)]
[(15, 17), (20, 21), (22, 23), (60, 61), (90, 91), (102, 103), (121, 122), (123, 126), (127, 128), (130, 131), (133, 134), (136, 137), (138, 146), (158, 160), (166, 168), (170, 174), (176, 212), (214, 215), (251, 252)]
[(0, 2), (16, 18), (19, 20), (28, 31), (36, 37), (61, 62), (89, 92), (93, 94), (131, 135), (147, 148), (154, 156), (167, 184), (187, 211), (214, 218)]
[(1, 3), (4, 5), (17, 21), (22, 24), (28, 30), (33, 35), (81, 96), (97, 98), (133, 135), (163, 184), (188, 214), (229, 230)]
[(18, 19), (20, 21), (22, 24), (28, 29), (32, 36), (82, 84), (86, 102), (104, 105), (107, 108), (109, 110), (161, 185), (189, 211), (214, 216)]
[(36, 37), (65, 67), (80, 81), (84, 85), (98, 100), (101, 103), (109, 116), (117, 119), (156, 186), (188, 190), (191, 212), (214, 218), (227, 228), (252, 254)]
[(19, 21), (23, 24), (68, 71), (79, 83), (99, 101), (122, 123), (154, 155), (156, 165), (166, 172), (173, 187), (188, 189), (190, 218), (254, 255)]
[(22, 23), (24, 26), (36, 37), (100, 101), (129, 130), (153, 155), (156, 163), (164, 165), (168, 188), (189, 192), (193, 207), (208, 212), (213, 219), (230, 232), (254, 255)]
[(22, 24), (34, 35), (37, 38), (43, 44), (65, 69), (99, 103), (104, 105), (126, 128), (154, 164), (167, 169), (170, 171), (172, 174), (177, 187), (190, 193), (194, 203), (208, 212), (214, 216), (230, 231), (255, 256)]
[(13, 14), (30, 31), (35, 36), (47, 48), (78, 79), (80, 90), (101, 103), (104, 105), (106, 107), (112, 132), (157, 162), (163, 186), (187, 189), (190, 201), (208, 220), (253, 254), (255, 256)]
[(31, 35), (36, 37), (71, 72), (76, 96), (97, 98), (99, 101), (104, 105), (109, 110), (115, 136), (160, 166), (167, 170), (171, 173), (174, 188), (191, 199), (209, 214), (215, 219)]
[(17, 18), (35, 37), (69, 70), (73, 94), (101, 107), (111, 112), (115, 129), (130, 142), (164, 166), (167, 195), (207, 220), (228, 229), (232, 233)]
[(39, 40), (41, 42), (48, 49), (74, 77), (81, 82), (98, 105), (115, 118), (139, 144), (169, 171), (172, 175), (176, 190), (195, 196), (209, 218), (231, 232), (240, 241)]
[(43, 53), (74, 76), (79, 80), (85, 86), (91, 92), (93, 98), (105, 106), (109, 111), (122, 123), (126, 127), (132, 133), (137, 141), (207, 220), (228, 229)]
[(40, 41), (47, 53), (56, 58), (74, 75), (78, 80), (82, 83), (87, 89), (91, 96), (105, 108), (112, 113), (117, 123), (135, 136), (137, 138), (140, 141), (147, 148), (207, 220)]
[(47, 48), (56, 58), (59, 65), (67, 68), (72, 74), (84, 85), (87, 92), (103, 105), (110, 112), (114, 115), (121, 122), (123, 124), (134, 136), (137, 138), (139, 140), (147, 148), (205, 223), (225, 226)]
[(48, 49), (57, 58), (60, 70), (74, 77), (78, 79), (80, 81), (106, 108), (110, 113), (115, 117), (131, 134), (135, 137), (143, 144), (203, 220), (222, 224), (227, 229)]
[(27, 28), (39, 40), (59, 61), (63, 64), (69, 71), (75, 82), (96, 97), (101, 105), (116, 118), (127, 130), (184, 192), (194, 195), (199, 203), (206, 221), (222, 223), (225, 226)]
[(77, 85), (101, 105), (106, 107), (108, 110), (119, 120), (125, 127), (128, 129), (131, 133), (170, 171), (177, 183), (184, 203), (205, 211), (212, 218), (223, 224)]
[(24, 25), (30, 31), (32, 33), (42, 43), (59, 61), (64, 65), (78, 84), (85, 93), (107, 112), (120, 121), (182, 203), (206, 222)]
[(0, 1), (28, 29), (43, 44), (58, 59), (66, 67), (79, 80), (83, 101), (121, 122), (181, 182), (183, 203), (208, 210), (211, 218)]
[(46, 47), (66, 68), (72, 73), (74, 76), (84, 85), (86, 88), (89, 102), (103, 106), (123, 124), (179, 181), (182, 196), (205, 219), (222, 224)]
[(34, 35), (47, 48), (71, 72), (75, 77), (84, 87), (89, 90), (96, 109), (123, 124), (154, 155), (177, 181), (182, 200), (203, 221), (223, 225)]
[(36, 37), (39, 40), (49, 50), (68, 69), (76, 77), (82, 83), (103, 118), (124, 125), (139, 143), (144, 146), (157, 158), (169, 170), (174, 175), (176, 199), (201, 225)]
[(3, 4), (39, 40), (52, 54), (74, 79), (82, 83), (85, 86), (92, 95), (110, 121), (133, 134), (135, 138), (168, 170), (174, 175), (178, 179), (180, 194), (195, 197), (199, 222), (223, 225)]
[(1, 2), (9, 10), (34, 35), (44, 46), (52, 53), (54, 55), (76, 80), (83, 86), (88, 93), (96, 99), (103, 104), (107, 108), (109, 110), (112, 113), (114, 127), (178, 181), (183, 192), (193, 195), (198, 225)]
[(2, 3), (9, 10), (11, 12), (13, 14), (32, 33), (34, 35), (36, 38), (45, 46), (67, 68), (72, 73), (74, 80), (84, 87), (88, 96), (97, 102), (105, 118), (120, 127), (139, 142), (159, 160), (165, 166), (176, 191), (199, 200), (202, 226)]
[(2, 3), (4, 5), (6, 7), (11, 12), (28, 30), (34, 35), (55, 56), (57, 58), (60, 61), (71, 72), (74, 75), (78, 81), (89, 90), (95, 97), (98, 99), (108, 110), (112, 119), (123, 127), (129, 132), (173, 186), (194, 195), (197, 202), (205, 206), (207, 223), (224, 226), (238, 239)]
[(10, 11), (12, 13), (72, 77), (80, 82), (89, 90), (95, 97), (125, 127), (129, 134), (156, 157), (158, 160), (171, 175), (179, 180), (192, 193), (194, 199), (203, 220), (224, 226), (228, 230)]
[(16, 19), (51, 52), (61, 64), (66, 83), (87, 99), (104, 105), (129, 136), (155, 157), (159, 160), (165, 166), (167, 168), (169, 170), (173, 174), (189, 190), (191, 192), (193, 195), (196, 198), (200, 203), (207, 226), (243, 244)]
[(19, 22), (62, 63), (64, 84), (88, 122), (127, 137), (153, 157), (158, 159), (161, 162), (185, 186), (189, 199), (200, 205), (207, 225), (226, 229)]
[(38, 40), (53, 54), (63, 85), (89, 93), (126, 128), (129, 139), (158, 159), (176, 177), (183, 196), (202, 224), (227, 228)]
[(65, 86), (89, 90), (100, 101), (129, 141), (166, 167), (172, 173), (174, 198), (202, 204), (205, 223), (224, 227)]
[(3, 4), (77, 78), (118, 120), (121, 122), (123, 125), (129, 145), (147, 148), (163, 197), (203, 204), (206, 224), (226, 227)]
[(3, 5), (6, 10), (15, 18), (43, 44), (45, 46), (102, 105), (117, 121), (129, 143), (144, 145), (157, 158), (159, 194), (201, 227), (237, 239)]
[(6, 7), (8, 10), (11, 12), (15, 16), (17, 19), (21, 24), (26, 29), (45, 46), (56, 57), (58, 64), (71, 72), (82, 83), (94, 95), (107, 110), (116, 126), (131, 156), (157, 193), (199, 207), (208, 228)]
