(256, 256)
[(32, 79), (81, 85), (90, 91), (113, 114), (122, 123), (124, 125), (130, 131), (138, 139), (142, 143), (144, 147), (149, 150), (164, 165), (238, 239), (240, 241), (244, 247), (254, 255)]
[(32, 79), (80, 81), (83, 84), (105, 106), (118, 119), (121, 122), (129, 130), (143, 146), (149, 151), (156, 158), (162, 163), (240, 244), (245, 247), (250, 251), (255, 256)]
[(32, 77), (82, 84), (90, 91), (97, 98), (119, 120), (122, 123), (127, 129), (131, 132), (137, 138), (141, 142), (144, 146), (149, 150), (151, 152), (243, 246), (251, 252)]
[(33, 83), (85, 86), (97, 98), (119, 120), (124, 126), (130, 131), (135, 136), (137, 138), (144, 146), (151, 152), (167, 168), (238, 240), (241, 242), (248, 250), (251, 252)]
[(31, 32), (34, 83), (84, 85), (87, 88), (89, 91), (126, 127), (129, 130), (131, 132), (135, 136), (138, 139), (140, 141), (144, 145), (146, 148), (150, 151), (152, 154), (156, 158), (160, 161), (163, 164), (186, 188), (234, 235), (238, 240), (241, 249), (250, 252)]
[(31, 32), (34, 89), (90, 91), (120, 122), (126, 127), (128, 129), (132, 134), (135, 136), (145, 147), (148, 149), (153, 154), (155, 157), (161, 162), (166, 167), (238, 240), (241, 244), (245, 246), (251, 252), (253, 254), (255, 256)]
[(31, 32), (33, 87), (88, 89), (125, 126), (131, 133), (144, 146), (156, 157), (160, 162), (164, 165), (238, 246), (247, 251), (252, 253)]
[(31, 81), (82, 87), (88, 89), (128, 130), (132, 134), (135, 136), (143, 144), (148, 150), (155, 156), (161, 163), (189, 190), (238, 242), (243, 247), (248, 250), (251, 254), (255, 256)]
[(32, 85), (86, 87), (88, 89), (92, 93), (108, 109), (130, 132), (134, 136), (137, 138), (142, 144), (147, 148), (150, 151), (163, 164), (242, 243), (244, 246), (247, 250), (252, 253), (254, 256)]
[(32, 87), (88, 91), (92, 93), (94, 95), (129, 130), (132, 133), (137, 138), (139, 143), (145, 146), (148, 149), (158, 160), (164, 165), (239, 246), (249, 252), (253, 256)]
[(29, 93), (94, 95), (98, 99), (102, 103), (115, 116), (129, 131), (134, 135), (136, 142), (149, 150), (151, 152), (168, 169), (170, 171), (172, 173), (240, 245), (246, 247), (248, 249), (253, 254), (255, 256)]
[(29, 95), (97, 98), (99, 100), (102, 103), (104, 105), (113, 115), (132, 133), (135, 137), (140, 142), (155, 156), (157, 159), (169, 171), (190, 191), (238, 239), (240, 242), (244, 246), (247, 251), (255, 256)]
[(30, 100), (101, 104), (109, 110), (130, 131), (137, 138), (140, 141), (144, 146), (151, 152), (156, 159), (160, 162), (165, 166), (167, 171), (186, 187), (189, 190), (240, 244), (247, 248), (249, 250), (251, 252)]
[(30, 105), (107, 108), (109, 114), (116, 118), (120, 121), (122, 123), (131, 132), (137, 138), (142, 143), (146, 148), (152, 153), (156, 157), (160, 165), (166, 167), (168, 170), (172, 173), (176, 180), (225, 229), (239, 243), (244, 245), (247, 250), (252, 253), (254, 255)]
[(29, 106), (107, 113), (115, 118), (119, 120), (121, 122), (124, 125), (131, 132), (140, 141), (142, 143), (145, 146), (153, 155), (165, 166), (232, 233), (238, 240), (241, 243), (247, 250), (251, 254)]
[(29, 106), (113, 114), (116, 117), (131, 134), (139, 140), (141, 143), (145, 146), (148, 149), (167, 168), (170, 171), (224, 225), (238, 239), (241, 242), (243, 244), (245, 254), (255, 256)]
[(33, 98), (99, 102), (103, 104), (107, 109), (115, 116), (121, 122), (133, 134), (138, 139), (142, 144), (152, 155), (156, 157), (159, 161), (164, 166), (170, 171), (183, 185), (225, 227), (240, 241), (242, 245), (246, 249), (253, 254), (255, 256)]
[(27, 28), (29, 108), (116, 118), (139, 140), (143, 148), (150, 151), (158, 159), (160, 162), (169, 171), (223, 224), (235, 240), (242, 244), (246, 247), (249, 250), (251, 256)]
[(27, 107), (116, 119), (140, 142), (147, 148), (150, 151), (153, 154), (158, 159), (166, 167), (169, 170), (186, 188), (227, 229), (232, 233), (237, 239), (240, 245), (246, 248), (249, 251), (253, 254), (255, 256)]
[(29, 98), (99, 101), (102, 106), (112, 114), (115, 120), (137, 138), (140, 141), (142, 143), (151, 152), (158, 160), (169, 172), (240, 241), (242, 243), (247, 251), (253, 255)]
[(26, 28), (29, 109), (111, 118), (121, 126), (140, 141), (144, 145), (146, 147), (148, 149), (151, 152), (161, 162), (164, 165), (167, 170), (225, 227), (236, 238), (242, 244), (246, 247), (250, 253)]
[(26, 116), (117, 125), (141, 143), (145, 146), (150, 152), (156, 158), (164, 165), (168, 169), (223, 224), (225, 230), (233, 235), (236, 241), (242, 244), (246, 247), (251, 253)]
[(26, 126), (147, 148), (149, 151), (157, 158), (161, 162), (163, 165), (167, 168), (186, 188), (224, 227), (232, 233), (234, 236), (237, 241), (243, 244), (247, 248), (251, 252), (255, 256)]
[(26, 123), (125, 127), (148, 149), (152, 153), (154, 155), (157, 158), (159, 160), (162, 163), (168, 169), (171, 172), (182, 186), (207, 208), (225, 229), (231, 233), (238, 239), (240, 241), (243, 246), (251, 252), (254, 256)]
[(23, 24), (25, 121), (124, 127), (148, 149), (151, 153), (154, 155), (156, 157), (164, 165), (171, 172), (173, 175), (214, 219), (223, 230), (231, 232), (234, 235), (236, 239), (241, 242), (245, 246), (248, 249), (251, 252)]
[(23, 24), (25, 124), (150, 151), (156, 157), (162, 163), (164, 167), (171, 172), (173, 174), (176, 177), (214, 217), (222, 223), (227, 229), (232, 233), (234, 235), (237, 239), (240, 243), (244, 245), (247, 248), (250, 251)]
[(25, 122), (123, 124), (150, 151), (153, 154), (158, 161), (163, 164), (165, 168), (170, 172), (173, 174), (192, 193), (218, 221), (223, 226), (227, 233), (235, 240), (241, 245), (254, 255)]
[(24, 113), (114, 121), (165, 168), (169, 171), (221, 224), (225, 232), (234, 235), (237, 239), (240, 241), (245, 246), (250, 252)]
[(24, 119), (120, 121), (124, 125), (126, 127), (128, 129), (151, 152), (165, 166), (168, 169), (173, 175), (215, 216), (221, 230), (233, 235), (236, 238), (243, 246), (254, 255)]
[(21, 23), (24, 123), (124, 126), (143, 145), (153, 155), (159, 160), (164, 165), (166, 169), (171, 175), (206, 207), (215, 216), (218, 221), (223, 225), (228, 230), (231, 237), (244, 246), (251, 252)]
[(21, 123), (124, 129), (141, 144), (146, 148), (150, 152), (162, 163), (166, 167), (168, 173), (174, 175), (206, 207), (217, 218), (221, 225), (230, 232), (233, 235), (236, 238), (240, 242), (245, 247), (255, 256)]
[(22, 127), (147, 153), (154, 156), (162, 163), (164, 170), (173, 175), (199, 200), (203, 204), (206, 207), (208, 210), (212, 214), (217, 220), (221, 226), (232, 236), (237, 242), (249, 250), (254, 255)]
[(20, 21), (22, 130), (133, 134), (135, 136), (138, 141), (144, 145), (147, 149), (151, 152), (153, 154), (155, 156), (161, 163), (165, 169), (170, 171), (172, 175), (183, 184), (194, 195), (199, 200), (205, 208), (209, 210), (211, 212), (213, 214), (222, 225), (234, 242), (243, 244), (249, 254), (255, 256)]
[(20, 137), (138, 141), (143, 144), (147, 148), (162, 163), (165, 172), (173, 174), (175, 176), (194, 195), (199, 200), (204, 208), (209, 215), (218, 220), (221, 222), (223, 228), (235, 236), (237, 238), (244, 245), (246, 247), (248, 249), (250, 251), (252, 253), (254, 255)]
[(20, 137), (140, 141), (144, 148), (152, 153), (162, 163), (164, 167), (168, 169), (170, 175), (194, 195), (197, 198), (199, 200), (203, 208), (209, 213), (214, 215), (219, 225), (226, 229), (234, 238), (241, 242), (245, 247), (248, 250), (251, 252), (253, 256)]
[(20, 128), (129, 137), (145, 146), (152, 153), (162, 163), (166, 175), (197, 198), (199, 200), (203, 208), (209, 213), (214, 215), (219, 225), (226, 228), (235, 239), (243, 246), (247, 248), (249, 251), (252, 253), (255, 256)]
[(20, 133), (134, 135), (137, 138), (141, 142), (145, 146), (155, 156), (158, 159), (162, 163), (164, 165), (166, 167), (171, 175), (197, 198), (199, 201), (203, 209), (212, 215), (220, 221), (222, 228), (235, 238), (239, 240), (241, 242), (244, 246), (247, 256)]
[(20, 132), (133, 134), (155, 156), (158, 159), (162, 163), (166, 167), (169, 171), (172, 175), (199, 201), (203, 206), (207, 208), (210, 215), (221, 225), (226, 228), (236, 241), (243, 250), (251, 252), (253, 255)]
[(20, 130), (131, 132), (153, 154), (166, 167), (168, 169), (170, 175), (199, 201), (203, 208), (209, 214), (220, 221), (222, 223), (226, 228), (235, 241), (243, 247), (248, 249), (250, 255)]
[(20, 128), (149, 150), (166, 167), (168, 170), (171, 174), (175, 176), (200, 201), (203, 214), (220, 221), (222, 223), (224, 225), (226, 228), (236, 237), (238, 239), (243, 246), (247, 256)]
[(19, 128), (149, 150), (168, 175), (202, 207), (208, 209), (211, 213), (218, 219), (220, 221), (222, 224), (226, 228), (238, 239), (243, 245), (247, 256)]
[(16, 17), (19, 127), (166, 167), (168, 175), (199, 200), (202, 207), (220, 223), (224, 225), (235, 240), (241, 245), (248, 256)]
[(16, 17), (18, 125), (126, 127), (165, 167), (168, 175), (182, 183), (186, 187), (193, 195), (199, 208), (217, 224), (225, 228), (231, 234), (235, 237), (244, 246), (247, 250), (252, 256)]
[(16, 17), (18, 126), (129, 130), (132, 133), (165, 166), (168, 175), (181, 183), (186, 187), (189, 190), (193, 195), (198, 210), (217, 222), (225, 230), (234, 235), (239, 240), (245, 246), (247, 250), (251, 256)]
[(18, 127), (128, 129), (133, 134), (165, 166), (168, 175), (182, 184), (185, 186), (193, 195), (196, 199), (200, 209), (216, 221), (224, 230), (232, 235), (236, 237), (239, 240), (243, 256)]
[(18, 128), (129, 130), (165, 166), (168, 175), (196, 199), (200, 209), (210, 211), (213, 221), (225, 229), (234, 237), (243, 252), (253, 256)]
[(17, 127), (168, 176), (196, 197), (198, 208), (209, 210), (211, 215), (216, 218), (236, 240), (243, 252), (253, 256)]
[(16, 127), (128, 129), (168, 176), (196, 197), (198, 208), (209, 210), (211, 217), (222, 224), (234, 240), (241, 252), (253, 255)]
[(14, 17), (18, 130), (147, 148), (165, 166), (168, 177), (197, 211), (212, 218), (220, 222), (223, 224), (234, 255)]
[(14, 130), (150, 151), (166, 167), (168, 174), (175, 176), (197, 198), (199, 220), (221, 222), (234, 255)]
[(15, 128), (149, 150), (152, 153), (162, 163), (165, 167), (168, 176), (199, 207), (208, 219), (233, 252), (254, 255)]
[(16, 130), (135, 136), (165, 167), (168, 176), (199, 200), (201, 219), (220, 221), (222, 223), (232, 250), (251, 252)]
[(13, 15), (16, 128), (152, 153), (154, 155), (165, 174), (175, 176), (199, 200), (201, 219), (221, 222), (223, 224), (230, 254), (255, 256)]
[(13, 15), (16, 122), (123, 130), (131, 132), (133, 134), (166, 167), (168, 174), (175, 176), (179, 180), (199, 200), (201, 218), (221, 223), (232, 254), (255, 256)]
[(13, 123), (125, 127), (128, 131), (132, 133), (152, 153), (165, 167), (168, 176), (179, 180), (202, 204), (205, 213), (215, 217), (218, 220), (221, 223), (227, 228), (232, 251)]
[(13, 129), (151, 152), (162, 163), (166, 176), (179, 180), (202, 204), (208, 213), (215, 217), (218, 219), (221, 222), (231, 251), (253, 256)]
[(9, 10), (12, 128), (151, 153), (158, 159), (165, 176), (178, 179), (195, 196), (202, 203), (205, 206), (208, 209), (210, 214), (215, 219), (231, 251)]
[(9, 10), (12, 128), (129, 130), (145, 146), (147, 148), (151, 152), (155, 156), (162, 163), (164, 176), (178, 179), (195, 196), (202, 203), (205, 206), (208, 209), (210, 214), (215, 217), (218, 219), (231, 251), (255, 256)]
[(12, 128), (130, 131), (138, 139), (145, 146), (149, 150), (151, 152), (153, 154), (165, 176), (178, 179), (183, 184), (195, 196), (199, 200), (201, 206), (207, 208), (210, 212), (213, 219), (231, 234), (235, 250), (255, 256)]
[(12, 128), (129, 135), (146, 147), (148, 149), (151, 153), (157, 158), (162, 163), (164, 176), (195, 196), (208, 209), (210, 211), (213, 219), (231, 234), (235, 242), (243, 249), (252, 253), (255, 256)]
[(12, 134), (146, 151), (152, 153), (154, 155), (156, 157), (165, 176), (177, 178), (195, 196), (208, 209), (210, 211), (213, 219), (232, 233), (236, 239), (240, 246), (248, 249), (252, 253)]
[(9, 130), (132, 133), (139, 140), (147, 151), (153, 154), (162, 163), (164, 176), (178, 179), (180, 181), (201, 202), (203, 205), (208, 209), (210, 211), (213, 219), (236, 242), (243, 249), (252, 253)]
[(9, 134), (139, 140), (145, 146), (147, 151), (152, 153), (165, 176), (215, 218), (235, 247), (248, 249)]
[(8, 131), (132, 133), (134, 137), (147, 151), (165, 176), (204, 205), (215, 219), (232, 233), (235, 236), (237, 247), (249, 250)]
[(8, 10), (11, 129), (130, 131), (132, 134), (146, 147), (148, 150), (151, 153), (166, 176), (203, 204), (207, 208), (215, 216), (217, 219), (234, 235), (236, 241), (242, 248)]
[(8, 122), (126, 130), (131, 133), (145, 146), (147, 150), (166, 176), (177, 178), (203, 204), (210, 212), (214, 215), (216, 218), (236, 241), (242, 248)]
[(8, 131), (132, 133), (146, 147), (148, 151), (166, 175), (182, 183), (211, 212), (217, 218), (237, 238), (239, 241), (242, 245), (246, 247), (249, 251)]
[(8, 130), (132, 133), (145, 147), (148, 150), (165, 166), (167, 175), (180, 183), (216, 217), (224, 225), (239, 241), (242, 243), (244, 245), (246, 247), (249, 251)]
[(8, 124), (125, 128), (138, 140), (145, 147), (148, 152), (165, 166), (167, 175), (216, 217), (222, 225), (242, 243), (244, 246), (249, 251)]
[(7, 128), (145, 146), (147, 149), (165, 167), (168, 174), (220, 221), (223, 225), (228, 229), (244, 246), (249, 251)]
[(6, 126), (139, 140), (146, 147), (148, 149), (150, 152), (165, 174), (183, 184), (218, 221), (223, 225), (244, 246), (248, 251)]
[(6, 129), (137, 138), (145, 152), (168, 176), (212, 213), (218, 220), (222, 224), (242, 243), (244, 246), (248, 251)]
[(5, 128), (129, 130), (136, 137), (145, 153), (160, 161), (167, 173), (218, 220), (222, 223), (226, 227), (239, 240), (241, 242), (244, 245), (246, 247), (248, 249), (251, 252)]
[(5, 129), (147, 149), (150, 152), (162, 163), (166, 167), (168, 173), (217, 218), (223, 225), (239, 240), (241, 242), (248, 250), (251, 252)]
[(7, 126), (139, 146), (150, 151), (162, 163), (168, 173), (174, 175), (218, 219), (224, 226), (227, 228), (239, 240), (244, 245), (246, 251)]
[(8, 124), (125, 128), (133, 134), (137, 138), (139, 140), (141, 142), (143, 145), (148, 150), (160, 163), (165, 166), (167, 175), (209, 210), (216, 217), (223, 225), (244, 246), (248, 249)]
[(6, 129), (130, 131), (133, 134), (145, 146), (153, 154), (162, 163), (166, 175), (211, 213), (219, 220), (244, 246), (248, 249)]
[(4, 125), (127, 129), (130, 131), (140, 141), (142, 148), (150, 151), (153, 154), (162, 163), (164, 165), (166, 175), (211, 213), (215, 217), (245, 246), (247, 248)]
[(4, 132), (133, 134), (138, 139), (140, 141), (142, 148), (151, 152), (161, 163), (164, 167), (168, 176), (178, 179), (215, 217), (219, 221), (240, 241)]
[(3, 8), (9, 130), (139, 140), (147, 149), (152, 155), (156, 161), (162, 163), (165, 176), (212, 214), (215, 223), (240, 241), (247, 248)]
[(0, 1), (5, 129), (135, 137), (140, 141), (148, 149), (155, 157), (158, 163), (165, 166), (167, 168), (169, 173), (174, 176), (215, 217), (219, 223), (240, 242), (247, 248)]
[(0, 1), (3, 126), (127, 129), (135, 136), (139, 140), (141, 142), (145, 148), (149, 152), (153, 154), (156, 159), (162, 163), (165, 175), (179, 180), (184, 185), (215, 217), (223, 225), (227, 228), (240, 241)]
[(0, 1), (2, 129), (132, 134), (135, 137), (142, 143), (144, 146), (150, 151), (154, 155), (162, 163), (165, 166), (167, 175), (184, 185), (217, 218), (221, 223), (240, 241)]
[(2, 131), (132, 133), (135, 138), (140, 141), (142, 143), (144, 147), (148, 149), (151, 153), (155, 156), (157, 159), (161, 163), (164, 176), (178, 180), (217, 222), (240, 241)]
[(3, 133), (135, 139), (140, 142), (143, 146), (147, 149), (158, 159), (160, 161), (162, 163), (165, 176), (177, 179), (219, 220), (240, 241)]
[(3, 129), (131, 133), (135, 140), (141, 142), (143, 147), (148, 150), (151, 157), (158, 159), (165, 175), (178, 182)]
[(0, 124), (126, 141), (142, 143), (144, 147), (148, 149), (150, 151), (152, 153), (154, 157), (158, 159), (162, 163), (164, 166), (167, 175), (181, 182), (217, 218), (221, 222)]
[(0, 124), (125, 139), (140, 148), (149, 152), (156, 157), (162, 167), (168, 176), (178, 179), (231, 232), (249, 250)]
[(0, 1), (2, 123), (124, 131), (133, 138), (139, 144), (145, 153), (155, 156), (159, 160), (162, 175), (179, 180), (185, 186), (198, 199)]
[(0, 1), (2, 138), (140, 143), (144, 156), (158, 159), (162, 163), (164, 176), (178, 181), (185, 186), (193, 194)]
[(0, 144), (145, 160), (161, 176), (177, 179), (180, 181), (185, 186), (191, 195), (245, 246)]
[(0, 130), (131, 139), (140, 155), (157, 158), (162, 163), (164, 175), (180, 182), (189, 191), (196, 197), (244, 246)]
[(0, 123), (124, 128), (129, 134), (135, 156), (159, 160), (161, 163), (164, 175), (177, 179), (185, 186), (189, 190), (191, 192), (245, 246)]
[(0, 116), (118, 122), (124, 130), (131, 135), (136, 157), (158, 159), (160, 175), (187, 188)]
[(0, 148), (149, 153), (154, 155), (156, 157), (158, 159), (162, 176), (179, 182), (185, 187), (191, 192)]
[(0, 114), (116, 126), (127, 128), (129, 136), (137, 142), (143, 152), (154, 157), (158, 161), (162, 175), (179, 181), (184, 185), (217, 218)]
[(0, 120), (121, 123), (124, 127), (128, 135), (136, 137), (139, 157), (158, 163), (164, 176), (177, 179), (180, 181)]
[(0, 112), (115, 122), (123, 125), (127, 136), (139, 153), (155, 159), (161, 162), (164, 165), (166, 174), (180, 181), (183, 184)]
[(0, 112), (116, 120), (121, 126), (128, 135), (138, 152), (154, 156), (157, 158), (160, 161), (162, 167), (168, 176), (178, 179), (180, 181)]
[(0, 114), (116, 125), (127, 135), (139, 148), (149, 152), (153, 159), (162, 163), (164, 178), (179, 180), (183, 186)]
[(0, 117), (119, 120), (121, 123), (125, 132), (140, 152), (153, 155), (156, 157), (158, 159), (162, 175), (176, 180), (182, 186)]
[(0, 110), (111, 117), (120, 136), (137, 138), (141, 151), (152, 161), (162, 164), (165, 175), (176, 178), (179, 182), (183, 184), (185, 186)]
[(0, 109), (110, 130), (131, 133), (137, 138), (141, 146), (147, 149), (150, 154), (155, 163), (164, 176), (177, 181), (185, 186)]
[(0, 108), (109, 110), (111, 114), (116, 121), (122, 130), (131, 132), (135, 136), (140, 142), (144, 148), (150, 152), (153, 156), (157, 160), (162, 164), (165, 173), (174, 181), (183, 187)]
[(0, 109), (111, 113), (114, 119), (120, 123), (124, 127), (128, 129), (130, 133), (134, 137), (139, 141), (142, 147), (149, 153), (155, 159), (160, 161), (163, 173), (174, 179), (180, 187), (207, 208), (209, 210)]
[(0, 104), (105, 116), (117, 130), (131, 132), (133, 140), (141, 153), (154, 156), (158, 159), (160, 163), (164, 179), (180, 181), (182, 186)]
[(0, 104), (105, 111), (112, 127), (129, 135), (136, 140), (142, 153), (155, 157), (158, 159), (160, 161), (162, 164), (165, 175), (176, 180), (181, 182), (183, 185)]
[(0, 101), (103, 111), (112, 126), (128, 129), (130, 154), (155, 157), (159, 161), (162, 163), (165, 182), (184, 187), (204, 208)]
[(0, 154), (155, 158), (160, 162), (164, 176), (177, 178), (179, 181), (182, 184)]
[(0, 103), (104, 126), (130, 148), (149, 156), (157, 159), (160, 162), (164, 175), (176, 182), (183, 186), (206, 207)]
[(0, 102), (103, 109), (111, 117), (120, 125), (128, 129), (130, 131), (132, 142), (143, 154), (155, 156), (157, 158), (161, 162), (164, 165), (166, 176), (177, 181), (183, 184), (205, 208), (209, 210)]
[(0, 99), (100, 104), (105, 128), (130, 140), (141, 146), (147, 154), (155, 156), (159, 160), (162, 173), (174, 178), (179, 181), (182, 184), (186, 187)]
[(0, 102), (106, 122), (123, 128), (129, 132), (134, 137), (138, 156), (157, 159), (164, 167), (168, 176), (178, 182), (186, 187), (233, 235), (241, 242), (246, 247)]
[(0, 104), (106, 120), (121, 122), (123, 129), (133, 135), (136, 137), (138, 139), (140, 141), (144, 154), (155, 158), (159, 163), (164, 182), (185, 188), (221, 223)]
[(0, 102), (105, 119), (121, 125), (127, 128), (131, 139), (143, 158), (160, 162), (163, 166), (167, 176), (177, 178), (179, 182), (185, 187), (238, 239), (241, 242)]
[(0, 99), (105, 116), (119, 125), (134, 137), (138, 139), (140, 155), (156, 158), (159, 162), (163, 178), (179, 180), (181, 182), (184, 187), (234, 235), (238, 239), (240, 242), (255, 256)]
[(0, 99), (105, 117), (118, 121), (122, 123), (126, 132), (134, 139), (140, 146), (147, 153), (155, 158), (160, 178), (179, 184), (186, 187), (204, 206), (214, 215), (255, 256)]
[(0, 94), (95, 101), (102, 121), (128, 130), (131, 135), (136, 142), (144, 158), (160, 176), (178, 180), (181, 182), (185, 188), (204, 206), (214, 215)]
[(0, 89), (90, 122), (124, 126), (128, 135), (136, 137), (138, 146), (147, 159), (160, 162), (164, 184), (185, 190), (204, 205), (221, 222), (225, 226), (242, 243)]
[(0, 110), (112, 123), (124, 126), (127, 132), (133, 142), (144, 160), (161, 162), (164, 176), (181, 182), (183, 184), (185, 187), (233, 234)]
[(0, 110), (112, 133), (134, 136), (139, 145), (146, 156), (157, 159), (161, 163), (164, 173), (174, 176), (177, 178), (179, 180), (181, 183), (187, 188), (190, 191), (204, 205), (216, 217)]
[(0, 86), (87, 124), (126, 130), (131, 133), (134, 141), (147, 155), (156, 160), (161, 163), (164, 165), (167, 170), (171, 173), (174, 177), (180, 182), (183, 184), (186, 191)]
[(0, 106), (107, 126), (127, 128), (129, 133), (136, 141), (147, 155), (156, 158), (159, 162), (163, 173), (174, 177), (178, 183), (184, 190), (202, 203)]
[(0, 85), (86, 103), (104, 128), (133, 136), (140, 144), (146, 152), (153, 156), (157, 159), (160, 162), (163, 164), (165, 168), (170, 173), (174, 176), (177, 178), (179, 182), (183, 187), (189, 190), (202, 203), (206, 207)]
[(0, 100), (101, 104), (106, 125), (128, 131), (132, 134), (136, 138), (140, 144), (145, 154), (157, 158), (159, 171), (174, 178), (181, 185), (186, 188), (189, 190), (202, 203), (206, 207), (221, 222)]
[(0, 80), (81, 82), (83, 85), (86, 96), (98, 105), (106, 109), (110, 111), (113, 124), (125, 131), (132, 136), (137, 153), (154, 155), (157, 159), (160, 163), (165, 176), (179, 184), (186, 190), (206, 207), (221, 222)]
[(0, 79), (80, 83), (84, 92), (94, 97), (99, 111), (113, 114), (115, 122), (123, 124), (125, 126), (129, 130), (132, 133), (137, 144), (145, 159), (161, 162), (164, 167), (170, 171), (172, 174), (175, 182), (183, 188), (189, 190)]
[(0, 86), (87, 92), (94, 97), (98, 112), (115, 121), (122, 124), (125, 130), (131, 133), (134, 136), (137, 142), (143, 148), (149, 152), (153, 156), (157, 158), (159, 160), (161, 165), (167, 171), (174, 177), (178, 184), (187, 190), (202, 203), (210, 211)]
[(0, 77), (78, 92), (94, 96), (97, 105), (108, 111), (112, 113), (115, 121), (122, 126), (127, 143), (144, 145), (146, 148), (149, 152), (159, 162), (164, 165), (167, 173), (174, 177), (178, 182), (183, 185), (186, 191), (207, 208)]
[(0, 79), (80, 88), (89, 90), (95, 130), (131, 136), (137, 144), (145, 147), (148, 152), (155, 157), (158, 162), (164, 165), (166, 168), (174, 176), (177, 178), (179, 180), (182, 184), (185, 186), (188, 189)]
[(0, 88), (89, 91), (94, 120), (121, 123), (124, 133), (134, 135), (137, 142), (143, 144), (145, 152), (153, 157), (158, 165), (166, 170), (172, 173), (174, 176), (179, 183), (186, 189)]
[(0, 84), (88, 91), (93, 95), (99, 123), (124, 126), (127, 135), (136, 142), (144, 148), (149, 151), (152, 153), (155, 164), (165, 166), (167, 178), (179, 184), (185, 187)]
[(0, 88), (89, 91), (93, 95), (97, 105), (106, 124), (125, 136), (137, 145), (149, 160), (163, 164), (165, 166), (167, 168), (179, 180), (181, 184), (186, 187)]
[(0, 82), (84, 87), (88, 96), (97, 105), (106, 108), (110, 124), (125, 131), (132, 137), (138, 143), (146, 147), (148, 151), (152, 153), (154, 161), (163, 164), (166, 167), (173, 175), (177, 183), (185, 186), (188, 191)]
[(0, 69), (70, 80), (84, 102), (104, 120), (121, 129), (130, 131), (132, 135), (136, 137), (138, 140), (142, 145), (146, 152), (153, 162), (163, 164), (170, 172), (173, 177), (178, 187), (188, 189)]
[(0, 70), (71, 77), (81, 84), (85, 103), (104, 121), (122, 129), (130, 131), (132, 134), (138, 144), (145, 150), (152, 154), (157, 159), (165, 166), (167, 169), (170, 171), (173, 176), (179, 180), (181, 184), (186, 188)]
[(0, 76), (79, 81), (82, 86), (87, 93), (94, 99), (100, 104), (105, 106), (107, 108), (110, 117), (118, 131), (133, 137), (138, 140), (141, 144), (146, 147), (148, 156), (157, 162), (163, 164), (167, 168), (173, 176), (179, 190), (192, 195), (196, 197)]
[(0, 76), (78, 79), (81, 83), (85, 86), (87, 92), (94, 102), (104, 109), (110, 120), (121, 125), (127, 129), (132, 135), (138, 140), (141, 143), (147, 148), (149, 152), (154, 157), (158, 162), (163, 164), (166, 168), (174, 177), (180, 184), (185, 186), (187, 189), (190, 195), (196, 198)]
[(0, 64), (65, 72), (76, 86), (88, 89), (91, 92), (93, 105), (106, 118), (119, 120), (121, 123), (124, 125), (127, 136), (138, 139), (141, 143), (148, 153), (154, 156), (158, 161), (170, 171), (176, 177), (179, 182), (184, 185), (186, 189), (190, 195)]
[(0, 68), (72, 74), (75, 78), (79, 81), (83, 84), (86, 89), (91, 101), (102, 106), (109, 115), (117, 123), (124, 128), (130, 131), (133, 136), (137, 138), (140, 143), (146, 147), (148, 162), (163, 164), (168, 171), (174, 178), (179, 189), (190, 194)]
[(0, 68), (69, 71), (75, 82), (87, 88), (89, 91), (92, 94), (95, 97), (98, 109), (110, 111), (112, 115), (116, 119), (120, 124), (125, 126), (127, 130), (132, 136), (139, 142), (145, 148), (149, 150), (151, 158), (159, 161), (173, 179), (180, 184), (186, 189), (190, 191), (192, 193)]
[(0, 64), (65, 66), (67, 71), (72, 75), (76, 82), (83, 84), (86, 88), (89, 91), (93, 98), (99, 101), (103, 107), (109, 111), (112, 113), (115, 117), (119, 124), (125, 131), (133, 135), (137, 138), (139, 141), (145, 147), (149, 150), (151, 153), (154, 157), (159, 162), (163, 164), (167, 171), (174, 176), (177, 179), (180, 182), (183, 186), (187, 188)]
[(0, 65), (66, 68), (69, 70), (71, 72), (77, 82), (83, 92), (93, 97), (100, 116), (120, 123), (124, 136), (137, 138), (146, 147), (148, 149), (150, 152), (154, 157), (159, 161), (173, 176), (177, 178), (180, 181), (183, 184), (185, 187)]
[(0, 67), (68, 70), (71, 73), (75, 89), (90, 92), (93, 96), (97, 98), (100, 116), (121, 123), (125, 130), (131, 132), (133, 135), (137, 138), (140, 141), (149, 150), (151, 155), (159, 161), (163, 164), (167, 168), (170, 171), (177, 179), (180, 182), (184, 185), (186, 187)]
[(0, 63), (64, 65), (67, 70), (71, 74), (75, 77), (78, 86), (87, 89), (90, 91), (92, 105), (106, 109), (110, 116), (120, 123), (125, 128), (129, 133), (134, 135), (137, 138), (144, 145), (147, 149), (150, 152), (154, 156), (158, 162), (163, 164), (165, 166), (169, 170), (171, 173), (174, 176), (177, 179), (180, 181), (185, 187)]
[(0, 64), (65, 67), (70, 72), (76, 79), (80, 81), (82, 99), (100, 107), (108, 117), (119, 120), (121, 124), (125, 131), (133, 134), (150, 153), (154, 156), (158, 159), (160, 161), (163, 164), (166, 167), (173, 175), (177, 178), (181, 182), (186, 187)]
[(0, 64), (65, 67), (69, 73), (75, 80), (82, 105), (106, 118), (119, 123), (124, 130), (131, 135), (136, 137), (150, 156), (158, 162), (163, 164), (165, 166), (167, 169), (170, 172), (176, 177), (182, 183)]
[(0, 62), (64, 65), (66, 67), (68, 73), (74, 89), (90, 103), (104, 115), (117, 122), (124, 127), (128, 130), (131, 132), (133, 134), (135, 137), (142, 143), (148, 158), (159, 162), (175, 177)]
[(0, 65), (66, 96), (98, 99), (100, 117), (118, 121), (125, 126), (129, 130), (133, 134), (135, 137), (147, 153), (154, 155), (158, 162), (165, 166), (170, 171), (172, 174)]
[(0, 64), (67, 84), (85, 88), (89, 122), (128, 129), (144, 145), (148, 149), (150, 153), (154, 155), (158, 160), (168, 169), (179, 180)]
[(0, 63), (64, 105), (106, 108), (109, 118), (119, 121), (124, 125), (132, 134), (136, 138), (151, 152), (177, 178)]
[(0, 64), (65, 72), (73, 118), (119, 120), (134, 138), (177, 178)]
[(0, 62), (64, 70), (71, 73), (75, 84), (85, 89), (90, 117), (118, 120), (122, 124), (132, 133), (134, 138), (141, 142), (176, 177)]
[(0, 64), (65, 84), (85, 120), (122, 123), (125, 126), (128, 129), (130, 134), (135, 136), (158, 159), (175, 176), (177, 178)]
[(0, 85), (86, 87), (88, 93), (94, 99), (100, 108), (109, 111), (112, 121), (122, 124), (125, 126), (128, 132), (133, 138)]
[(0, 82), (83, 93), (97, 98), (101, 114), (117, 124), (127, 131), (145, 146)]
[(0, 76), (78, 101), (102, 107), (108, 114), (120, 122), (123, 124), (128, 129), (131, 132), (133, 135), (138, 139)]
[(0, 86), (87, 100), (101, 102), (104, 106), (113, 114), (116, 117), (118, 119), (121, 123), (125, 126), (130, 131), (133, 134), (143, 144), (177, 178)]
[(0, 98), (100, 103), (123, 124), (135, 136), (143, 144), (164, 165), (177, 178), (179, 180), (181, 182)]
[(0, 93), (94, 96), (97, 98), (119, 120), (123, 125), (129, 130), (137, 138), (144, 145), (171, 172), (178, 179)]
[(0, 103), (130, 131), (133, 134), (139, 140), (145, 146), (176, 177)]
[(0, 92), (93, 95), (96, 98), (99, 102), (108, 109), (137, 138), (172, 173), (176, 177)]
[(0, 88), (89, 90), (91, 92), (97, 98), (104, 105), (109, 110), (117, 118), (126, 128), (129, 130), (133, 134)]
[(0, 86), (103, 105), (107, 109), (115, 116), (125, 127), (130, 131), (133, 134), (176, 177)]
[(0, 76), (77, 87), (91, 92), (118, 119), (130, 131), (133, 134)]
[(0, 75), (78, 85), (96, 97), (102, 104), (118, 119), (121, 122), (123, 125), (128, 129), (175, 176)]
[(0, 72), (74, 75), (78, 80), (81, 85), (106, 107), (118, 119), (123, 124), (177, 178)]
[(0, 73), (78, 79), (84, 86), (96, 97), (119, 120), (121, 122), (123, 125), (126, 127), (128, 129), (134, 135), (144, 145)]
[(0, 73), (76, 77), (78, 79), (84, 85), (95, 96), (123, 124), (131, 132), (181, 182)]
[(0, 73), (78, 80), (97, 98), (124, 125), (126, 127), (130, 131), (134, 138), (139, 140), (149, 150), (160, 161), (180, 181)]
[(0, 67), (68, 70), (77, 79), (107, 108), (121, 122), (126, 127), (129, 130), (140, 141), (177, 178), (180, 181)]
[(0, 59), (63, 64), (65, 66), (69, 71), (87, 88), (96, 97), (113, 114), (123, 124), (125, 126), (128, 129), (133, 134), (177, 178), (181, 182)]
[(0, 59), (62, 64), (83, 84), (87, 90), (91, 92), (106, 107), (115, 116), (119, 121), (122, 125), (128, 130), (136, 137), (145, 146)]
[(0, 47), (50, 58), (79, 80), (83, 85), (87, 93), (106, 107), (111, 112), (114, 115), (116, 117), (119, 121), (124, 125), (157, 158), (180, 181), (182, 183)]
[(0, 48), (52, 53), (54, 58), (79, 80), (86, 88), (89, 90), (91, 93), (106, 107), (110, 111), (116, 118), (119, 120), (122, 123), (125, 126), (127, 128), (141, 143), (144, 148), (150, 151), (178, 183), (185, 188)]
[(0, 48), (53, 54), (55, 58), (78, 79), (88, 92), (104, 107), (109, 110), (115, 117), (120, 121), (123, 125), (127, 128), (161, 162), (178, 180), (182, 184)]
[(0, 39), (43, 49), (53, 54), (78, 82), (87, 88), (89, 91), (92, 93), (106, 107), (108, 109), (114, 116), (119, 120), (123, 125), (178, 180), (181, 182)]
[(0, 38), (42, 44), (52, 53), (56, 58), (63, 64), (77, 78), (89, 93), (104, 110), (117, 119), (120, 122), (123, 124), (131, 132), (173, 175), (179, 182), (183, 184), (186, 187)]
[(0, 38), (43, 44), (47, 48), (57, 58), (79, 81), (89, 91), (92, 95), (96, 97), (98, 99), (104, 106), (107, 108), (110, 111), (114, 117), (119, 121), (122, 126), (176, 177), (178, 179), (182, 183)]
[(0, 37), (38, 40), (45, 46), (52, 53), (57, 58), (79, 81), (90, 91), (92, 93), (96, 99), (108, 109), (111, 113), (114, 115), (116, 117), (122, 123), (124, 126), (130, 131), (176, 178), (181, 183), (186, 187)]
[(0, 35), (37, 38), (40, 41), (53, 54), (73, 74), (81, 83), (89, 94), (95, 98), (99, 100), (104, 106), (107, 110), (112, 114), (124, 125), (152, 153), (182, 183), (184, 185)]
[(0, 34), (39, 40), (45, 47), (53, 54), (59, 60), (62, 63), (66, 67), (80, 83), (86, 87), (89, 93), (94, 98), (103, 110), (111, 114), (115, 117), (122, 123), (125, 126), (175, 178)]
[(0, 33), (35, 36), (49, 50), (57, 59), (72, 74), (77, 78), (81, 83), (87, 88), (89, 92), (93, 100), (103, 106), (107, 110), (111, 117), (119, 120), (121, 124), (177, 179), (182, 183)]
[(0, 32), (34, 35), (53, 54), (81, 82), (83, 84), (92, 93), (141, 142), (144, 145), (150, 151), (154, 155), (180, 181), (182, 183)]
[(0, 32), (34, 35), (43, 44), (47, 48), (54, 55), (58, 59), (70, 71), (73, 75), (78, 79), (82, 85), (89, 92), (94, 99), (105, 106), (109, 113), (114, 116), (122, 123), (124, 125), (128, 129), (131, 132), (135, 141), (151, 152), (153, 156), (159, 160), (162, 163), (180, 182), (183, 185)]
[(0, 34), (47, 49), (54, 56), (65, 66), (73, 74), (82, 83), (84, 86), (90, 93), (95, 98), (104, 107), (108, 113), (115, 116), (117, 118), (120, 121), (122, 123), (124, 125), (180, 182), (183, 185)]
[(0, 36), (48, 49), (79, 80), (81, 83), (84, 85), (86, 87), (88, 89), (91, 92), (93, 94), (95, 98), (103, 104), (105, 110), (111, 116), (118, 119), (120, 121), (124, 125), (159, 160), (180, 182), (183, 185), (187, 189)]
[(0, 36), (73, 75), (80, 81), (83, 85), (86, 87), (89, 90), (91, 93), (94, 98), (103, 104), (105, 106), (107, 116), (117, 119), (120, 121), (122, 125), (179, 181), (182, 184)]
[(0, 34), (35, 36), (55, 57), (73, 75), (83, 85), (87, 91), (92, 99), (104, 106), (107, 116), (117, 120), (129, 130), (179, 180), (185, 186)]
[(0, 31), (40, 41), (45, 46), (65, 66), (84, 87), (88, 92), (95, 96), (97, 98), (105, 106), (107, 119), (125, 126), (175, 177), (180, 181), (183, 184)]
[(0, 31), (41, 42), (46, 47), (55, 56), (91, 92), (178, 179), (181, 182)]
[(0, 30), (41, 43), (45, 46), (52, 53), (71, 72), (74, 75), (78, 79), (84, 85), (91, 95), (96, 102), (105, 113), (114, 117), (118, 121), (122, 131), (132, 147), (154, 155), (158, 159), (178, 179), (181, 184)]
[(0, 30), (51, 52), (53, 54), (63, 64), (85, 86), (89, 92), (93, 100), (101, 103), (105, 113), (114, 119), (120, 121), (178, 181)]
[(0, 30), (32, 33), (39, 40), (54, 55), (71, 72), (85, 86), (87, 88), (89, 90), (91, 96), (98, 99), (100, 102), (105, 106), (107, 119), (121, 122), (176, 178), (182, 183)]
[(0, 32), (43, 46), (70, 71), (80, 81), (88, 89), (90, 91), (92, 95), (96, 97), (98, 99), (103, 104), (106, 118), (121, 122), (123, 124), (144, 145), (180, 182)]
[(0, 32), (44, 47), (57, 58), (59, 60), (69, 70), (85, 86), (90, 95), (96, 97), (98, 99), (104, 105), (106, 117), (119, 120), (121, 122), (144, 145), (177, 178), (180, 183)]
[(0, 36), (38, 40), (43, 46), (56, 57), (58, 59), (71, 72), (90, 99), (105, 116), (122, 123), (145, 146), (176, 177), (183, 184)]
[(0, 36), (44, 45), (57, 60), (72, 73), (91, 96), (105, 117), (118, 120), (144, 145), (152, 153)]
[(0, 35), (38, 39), (40, 46), (58, 60), (92, 94), (104, 117), (119, 120), (145, 146)]
[(0, 36), (37, 45), (60, 61), (72, 73), (87, 90), (91, 93), (103, 104), (105, 121), (128, 129), (139, 140), (141, 142), (181, 182)]
[(0, 46), (50, 51), (81, 82), (88, 90), (91, 93), (102, 103), (105, 106), (108, 109), (110, 115), (116, 118), (119, 121)]
[(0, 47), (48, 49), (69, 70), (86, 87), (93, 94), (105, 107), (108, 109), (110, 116), (120, 121), (126, 127), (129, 130), (147, 148)]
[(0, 42), (44, 51), (82, 83), (85, 87), (94, 95), (97, 99), (106, 107), (108, 114), (155, 156)]
[(0, 41), (45, 46), (48, 50), (79, 80), (82, 83), (92, 93), (109, 110), (111, 114), (147, 148), (149, 150), (182, 184)]
[(0, 41), (48, 49), (65, 66), (76, 77), (81, 83), (85, 86), (106, 109), (111, 112), (139, 140), (150, 151), (177, 178)]
[(0, 38), (44, 45), (47, 49), (50, 51), (64, 65), (79, 82), (92, 96), (105, 106), (109, 110), (115, 116), (140, 141), (142, 144), (147, 148), (149, 150), (153, 154), (163, 164)]
[(0, 37), (50, 51), (82, 83), (93, 94), (139, 140)]
[(0, 39), (92, 93), (104, 105), (106, 107), (109, 111), (113, 114), (120, 121), (125, 130), (132, 137), (138, 140), (146, 147), (148, 149), (158, 159), (183, 184)]
[(0, 38), (44, 45), (79, 80), (91, 94), (105, 107), (108, 110), (115, 116), (120, 121), (138, 139), (177, 178), (183, 184)]
[(0, 36), (45, 46), (59, 60), (89, 90), (104, 105), (139, 141), (142, 143), (156, 157), (159, 160), (161, 162), (164, 165), (166, 167)]
[(0, 40), (45, 46), (50, 51), (89, 90), (92, 93), (94, 95), (100, 101), (125, 126), (135, 136), (140, 142), (143, 145), (149, 150), (152, 154), (167, 168), (169, 170), (175, 176), (178, 179)]
[(0, 42), (46, 49), (77, 78), (93, 95), (99, 101), (111, 112), (114, 115), (133, 134), (135, 136), (142, 143), (149, 150), (154, 155)]
[(0, 42), (45, 49), (50, 52), (56, 57), (76, 77), (90, 91), (92, 93), (101, 102), (103, 105), (109, 110), (112, 113), (121, 123), (125, 126), (128, 129), (136, 137), (144, 145), (148, 149), (158, 159), (166, 167), (177, 178)]
[(0, 46), (47, 48), (51, 54), (56, 57), (81, 84), (91, 94), (102, 104), (112, 115), (133, 134), (135, 137), (142, 143), (156, 157), (169, 170), (185, 186)]
[(0, 47), (48, 55), (84, 85), (91, 93), (98, 99), (101, 102), (103, 104), (111, 112), (129, 130), (140, 142), (143, 144), (145, 146), (147, 148), (151, 152)]
[(0, 56), (58, 59), (71, 72), (91, 93), (99, 100), (102, 103), (106, 107), (110, 111), (113, 114), (119, 121), (124, 125), (127, 128), (148, 152), (157, 158), (163, 164), (166, 167), (176, 177), (185, 186)]
[(0, 59), (60, 62), (75, 76), (92, 93), (98, 101), (102, 104), (111, 114), (117, 118), (121, 122), (157, 159), (163, 164), (169, 170), (171, 172), (184, 186)]
[(0, 60), (100, 102), (107, 108), (110, 113), (117, 119), (140, 141), (154, 155), (157, 158), (160, 162), (164, 165), (166, 168), (169, 170), (185, 186)]
[(0, 58), (59, 61), (70, 71), (79, 80), (83, 84), (90, 91), (99, 103), (113, 114), (116, 119), (120, 122), (127, 128), (129, 130), (153, 158), (159, 161), (164, 165), (184, 185)]
[(0, 60), (82, 83), (96, 98), (99, 101), (102, 103), (107, 108), (111, 112), (117, 119), (127, 129), (151, 152), (155, 156), (184, 185)]
[(0, 60), (70, 72), (81, 82), (84, 85), (98, 99), (101, 102), (113, 114), (117, 119), (120, 121), (129, 130), (131, 132), (136, 137), (142, 143), (168, 169), (173, 174), (184, 185)]
[(0, 59), (71, 72), (74, 75), (80, 81), (84, 85), (101, 104), (105, 106), (107, 108), (112, 115), (116, 119), (120, 121), (160, 161), (179, 180)]
[(0, 61), (71, 72), (73, 75), (78, 79), (82, 84), (96, 98), (101, 103), (104, 109), (114, 120), (152, 153), (164, 165)]
[(0, 60), (71, 72), (88, 89), (102, 103), (112, 114), (116, 120), (129, 131), (154, 155), (168, 169)]
[(0, 56), (57, 62), (64, 65), (68, 70), (71, 72), (77, 78), (79, 80), (82, 84), (93, 96), (99, 100), (113, 114), (156, 157), (161, 162), (163, 164)]
[(0, 69), (75, 76), (79, 80), (82, 85), (96, 101), (108, 110), (114, 118), (119, 120), (134, 135), (136, 139), (140, 147), (149, 152), (154, 155)]
[(0, 45), (46, 70), (78, 79), (80, 81), (83, 85), (94, 96), (100, 101), (108, 109), (114, 116), (120, 122), (156, 157)]
[(0, 70), (78, 79), (80, 81), (91, 92), (93, 94), (99, 102), (112, 113), (115, 116), (117, 118), (119, 120), (122, 124), (157, 158), (179, 180)]
[(0, 72), (78, 79), (80, 82), (91, 92), (94, 95), (107, 108), (113, 114), (115, 120), (139, 140), (171, 172), (178, 179)]
[(0, 74), (79, 82), (84, 86), (93, 95), (99, 100), (107, 108), (113, 114), (115, 117), (119, 120), (138, 139), (179, 180), (185, 186)]
[(0, 77), (79, 83), (84, 86), (93, 96), (106, 108), (109, 110), (118, 119), (123, 124), (171, 174), (185, 186)]
[(0, 77), (78, 79), (82, 83), (84, 86), (87, 88), (94, 96), (107, 108), (116, 117), (118, 119), (128, 129), (139, 140), (172, 175)]
[(0, 88), (94, 97), (101, 102), (117, 119), (120, 122), (135, 136), (174, 176), (181, 182), (185, 186), (188, 189)]
[(0, 89), (95, 97), (101, 102), (107, 109), (117, 120), (126, 127), (129, 130), (133, 134), (141, 142), (182, 183)]
[(0, 92), (97, 98), (101, 103), (117, 121), (132, 133), (157, 158)]
[(0, 99), (102, 104), (113, 114), (117, 120), (163, 164)]
[(0, 86), (87, 98), (100, 101), (102, 104), (117, 118), (130, 131), (145, 146), (158, 159), (170, 171)]
[(0, 91), (92, 99), (100, 104), (144, 145), (148, 149), (152, 153), (160, 162), (177, 178)]
[(0, 97), (98, 100), (102, 105), (106, 109), (120, 121), (142, 143), (165, 166), (170, 171), (174, 177)]
[(0, 87), (88, 98), (99, 100), (101, 102), (103, 109), (118, 119), (142, 144)]
[(0, 46), (47, 96), (97, 105), (106, 111), (112, 113), (115, 116), (143, 144), (147, 148), (153, 155), (158, 160)]
[(0, 86), (87, 88), (89, 92), (93, 102), (105, 107), (108, 111), (112, 113), (152, 153), (159, 160), (163, 164)]
[(0, 103), (105, 108), (111, 113), (151, 152), (162, 163), (165, 166), (168, 169)]
[(0, 53), (54, 84), (85, 87), (88, 92), (93, 106), (108, 110), (111, 117), (162, 163), (165, 166), (168, 169), (176, 177)]
[(0, 86), (87, 93), (94, 103), (104, 108), (109, 111), (114, 116), (164, 165), (167, 169), (170, 171)]
[(0, 86), (88, 104), (105, 109), (157, 158), (160, 161), (176, 177)]
[(0, 91), (92, 95), (96, 105), (107, 109), (112, 113), (165, 166), (172, 173), (185, 186)]
[(0, 70), (72, 86), (87, 88), (89, 97), (99, 101), (105, 106), (109, 111), (151, 152), (153, 154)]
[(0, 73), (74, 92), (93, 103), (109, 111), (112, 113), (151, 152), (165, 166), (177, 178)]
[(0, 93), (95, 100), (112, 113), (151, 152), (161, 162), (165, 166)]
[(0, 83), (84, 93), (97, 100), (151, 152), (165, 166)]
[(0, 50), (52, 55), (56, 77), (78, 92), (94, 96), (100, 101), (165, 167), (179, 180)]
[(0, 42), (48, 51), (52, 55), (58, 91), (93, 95), (100, 101), (163, 166)]
[(0, 42), (46, 55), (56, 74), (75, 80), (81, 93), (95, 96), (97, 100), (151, 152)]
[(0, 42), (46, 48), (49, 52), (54, 55), (59, 63), (64, 68), (69, 75), (76, 90), (92, 94), (95, 96), (97, 99), (153, 154), (177, 179)]
[(0, 43), (45, 68), (69, 72), (73, 80), (81, 89), (93, 99), (179, 180)]
