(256, 256)
[(5, 6), (7, 24), (25, 200)]
[(8, 39), (41, 200)]
[(6, 40), (41, 189), (190, 191), (192, 199)]
[(11, 40), (41, 46), (47, 185), (186, 187), (192, 200)]
[(13, 39), (40, 49), (50, 199), (207, 210)]
[(10, 51), (53, 153), (154, 200), (206, 208), (209, 210)]
[(12, 23), (26, 38), (39, 53), (54, 149), (150, 200), (205, 207), (209, 210)]
[(17, 19), (25, 38), (39, 53), (54, 199), (205, 207), (208, 210)]
[(24, 40), (41, 114), (129, 200), (205, 209)]
[(24, 27), (30, 39), (42, 53), (54, 107), (150, 152), (153, 178), (184, 189), (193, 201), (206, 207)]
[(31, 33), (35, 38), (41, 53), (54, 67), (78, 102), (193, 201)]
[(31, 36), (40, 41), (42, 55), (57, 62), (63, 96), (194, 200)]
[(39, 43), (44, 83), (85, 91), (194, 198)]
[(41, 43), (45, 74), (79, 86), (93, 98), (194, 200)]
[(41, 44), (45, 70), (76, 78), (79, 81), (82, 86), (91, 96), (175, 179), (195, 206), (219, 225), (235, 239)]
[(36, 37), (42, 44), (46, 67), (70, 81), (83, 84), (159, 189), (195, 201), (202, 207), (209, 210), (217, 227), (233, 241)]
[(36, 37), (38, 45), (46, 65), (67, 70), (71, 78), (150, 182), (183, 191), (195, 201), (202, 205), (206, 207), (217, 228), (231, 241)]
[(29, 33), (34, 45), (46, 63), (65, 68), (69, 71), (72, 74), (146, 184), (185, 192), (194, 202), (203, 205), (218, 228), (231, 241)]
[(39, 45), (46, 61), (62, 73), (146, 184), (185, 193), (194, 202), (220, 229), (231, 241), (249, 253)]
[(33, 34), (35, 37), (39, 46), (48, 59), (60, 81), (146, 172), (174, 189), (190, 194), (195, 200), (201, 202), (221, 229), (231, 242), (247, 253)]
[(40, 48), (50, 56), (57, 77), (78, 81), (144, 172), (175, 186), (187, 195), (196, 200), (222, 242), (245, 253)]
[(38, 75), (81, 84), (145, 173), (175, 186), (188, 200), (211, 213), (214, 215), (223, 242), (244, 252)]
[(38, 40), (43, 72), (74, 76), (78, 79), (83, 85), (149, 187), (189, 196), (197, 198), (210, 242), (243, 251)]
[(149, 195), (213, 240), (242, 251)]
[(145, 194), (217, 250)]
[(141, 168), (169, 189), (221, 249)]
[(137, 153), (168, 175), (176, 179), (222, 248)]
[(133, 157), (168, 176), (223, 247)]
[(104, 107), (129, 157), (168, 177), (224, 247)]
[(102, 111), (126, 157), (167, 178), (224, 246)]
[(102, 115), (122, 157), (167, 179), (193, 209), (213, 245)]
[(102, 155), (167, 180), (185, 207), (215, 245)]
[(100, 104), (109, 151), (156, 160), (167, 208), (218, 245)]
[(111, 147), (150, 163), (167, 209), (230, 245)]
[(105, 109), (111, 163), (167, 178), (180, 193), (196, 208), (230, 245)]
[(24, 27), (111, 132), (135, 164), (167, 193), (203, 209), (230, 245)]
[(17, 35), (108, 126), (142, 165), (167, 168), (172, 190), (191, 192), (229, 235), (236, 246)]
[(15, 38), (99, 123), (145, 164), (167, 168), (171, 193), (229, 246)]
[(24, 39), (41, 55), (100, 122), (148, 163), (167, 196), (228, 246)]
[(28, 36), (37, 69), (73, 78), (80, 81), (100, 122), (151, 171), (173, 177), (179, 185), (187, 191), (192, 199), (228, 247)]
[(29, 33), (34, 65), (66, 79), (81, 82), (96, 103), (104, 120), (150, 170), (179, 184), (194, 201), (228, 247)]
[(31, 51), (58, 78), (87, 89), (95, 120), (150, 154), (155, 172), (173, 175), (180, 182), (193, 203), (228, 247)]
[(30, 50), (52, 78), (83, 88), (90, 92), (96, 119), (158, 174), (196, 204), (227, 247)]
[(29, 50), (58, 76), (83, 88), (89, 91), (93, 96), (97, 119), (156, 157), (160, 174), (198, 206), (227, 247)]
[(28, 50), (55, 74), (81, 91), (92, 97), (98, 117), (161, 170), (171, 176), (201, 207), (227, 248)]
[(27, 49), (51, 53), (56, 74), (80, 97), (99, 116), (162, 175), (203, 207), (226, 248)]
[(27, 49), (50, 52), (57, 69), (71, 75), (77, 78), (79, 97), (100, 114), (163, 173), (190, 208), (226, 248)]
[(27, 49), (50, 75), (76, 86), (90, 97), (102, 109), (159, 160), (163, 175), (185, 208), (226, 248)]
[(26, 51), (52, 87), (89, 96), (163, 181), (186, 208), (226, 248)]
[(27, 33), (34, 37), (38, 95), (163, 170), (171, 183), (187, 193), (197, 203), (204, 208), (226, 249)]
[(26, 31), (32, 95), (163, 185), (186, 192), (201, 203), (204, 208), (225, 249)]
[(27, 29), (30, 94), (157, 160), (163, 177), (178, 187), (188, 191), (192, 193), (202, 207), (225, 249)]
[(7, 12), (25, 94), (154, 161), (163, 168), (170, 175), (176, 189), (191, 192), (193, 194), (198, 199), (204, 206), (226, 249)]
[(9, 64), (65, 93), (156, 158), (159, 161), (163, 167), (168, 171), (173, 186), (190, 194), (195, 201), (202, 203), (221, 233), (235, 249)]
[(11, 61), (63, 93), (162, 166), (167, 170), (172, 180), (181, 187), (188, 191), (192, 201), (202, 207), (218, 238), (239, 250)]
[(13, 57), (58, 93), (169, 172), (173, 176), (177, 181), (182, 183), (184, 188), (189, 200), (202, 204), (215, 228), (236, 250)]
[(20, 28), (29, 45), (47, 93), (178, 181), (182, 183), (188, 199), (202, 205), (213, 226), (238, 250)]
[(22, 39), (48, 94), (189, 198), (200, 205), (210, 227), (239, 248)]
[(26, 28), (29, 35), (50, 96), (189, 195), (196, 199), (202, 203), (208, 228), (238, 250)]
[(24, 98), (189, 194), (195, 196), (206, 230), (236, 252)]
[(30, 103), (189, 194), (195, 196), (204, 209), (210, 253)]
[(31, 110), (188, 194), (204, 210), (212, 253)]
[(32, 124), (137, 149), (154, 159), (188, 195), (206, 208), (210, 236), (240, 253)]
[(33, 149), (155, 156), (190, 195), (210, 230), (244, 253)]
[(34, 148), (184, 189), (192, 194), (195, 197), (212, 228), (245, 252)]
[(36, 125), (143, 148), (182, 189), (210, 227), (245, 252)]
[(38, 110), (143, 151), (180, 188), (205, 227), (244, 252)]
[(41, 97), (141, 153), (179, 187), (201, 202), (204, 229), (244, 251)]
[(44, 85), (140, 152), (178, 187), (190, 198), (199, 205), (207, 233), (242, 251)]
[(51, 67), (139, 152), (166, 167), (168, 169), (178, 187), (192, 200), (205, 250)]
[(92, 106), (137, 152), (164, 166), (167, 168), (177, 183), (184, 188), (190, 191), (192, 197), (198, 199), (200, 203), (208, 249)]
[(88, 105), (135, 152), (180, 187), (188, 189), (190, 193), (200, 203), (212, 247)]
[(84, 104), (133, 151), (165, 187), (188, 189), (191, 199), (200, 245)]
[(29, 31), (81, 102), (132, 151), (157, 190), (194, 195), (201, 225), (226, 243)]
[(27, 30), (38, 40), (78, 98), (131, 151), (155, 187), (191, 201), (202, 240)]
[(26, 30), (36, 39), (76, 94), (130, 151), (152, 186), (195, 196), (197, 199), (203, 238)]
[(25, 30), (33, 38), (76, 92), (128, 129), (130, 150), (151, 184), (196, 203), (205, 236)]
[(24, 30), (31, 37), (52, 64), (77, 93), (150, 182), (191, 193), (194, 195), (196, 198), (200, 205), (206, 233)]
[(22, 36), (54, 67), (77, 94), (149, 178), (191, 195), (196, 200), (202, 207), (208, 231)]
[(21, 35), (40, 43), (57, 95), (148, 174), (181, 183), (190, 197), (200, 208), (211, 230)]
[(20, 34), (37, 42), (52, 95), (148, 170), (180, 183), (190, 199), (206, 207), (214, 228), (239, 242)]
[(19, 30), (31, 41), (54, 94), (148, 165), (173, 174), (179, 182), (190, 198), (204, 212), (215, 226), (229, 232), (233, 244)]
[(18, 39), (56, 64), (75, 94), (148, 161), (178, 182), (189, 198), (202, 242)]
[(17, 38), (46, 47), (74, 93), (148, 159), (176, 182), (189, 198), (215, 234), (235, 236), (238, 242), (243, 244)]
[(16, 37), (40, 46), (73, 93), (148, 157), (165, 168), (175, 181), (189, 198), (207, 208), (215, 232), (235, 237), (238, 242)]
[(15, 44), (72, 92), (148, 156), (164, 171), (174, 181), (189, 196), (210, 211), (215, 226), (229, 242), (243, 244)]
[(15, 43), (71, 92), (149, 155), (164, 181), (189, 194), (198, 199), (214, 227), (236, 237), (238, 243)]
[(14, 41), (70, 91), (149, 154), (164, 180), (188, 193), (196, 197), (200, 204), (211, 230), (231, 232), (239, 244)]
[(13, 42), (68, 81), (84, 91), (149, 153), (155, 157), (164, 172), (173, 180), (186, 187), (188, 191), (199, 200), (202, 207), (211, 213), (227, 232), (243, 245)]
[(13, 44), (67, 78), (85, 92), (142, 147), (148, 156), (159, 160), (164, 171), (172, 180), (188, 189), (191, 193), (194, 195), (204, 205), (206, 207), (209, 210), (233, 235), (245, 246)]
[(12, 47), (66, 75), (85, 93), (136, 144), (145, 156), (163, 170), (172, 180), (184, 185), (189, 190), (191, 198), (200, 204), (206, 208), (233, 235)]
[(11, 49), (64, 71), (85, 90), (91, 94), (134, 140), (141, 156), (163, 170), (172, 180), (187, 201), (204, 208), (231, 233), (236, 240)]
[(11, 46), (49, 51), (63, 67), (85, 90), (92, 95), (132, 156), (158, 159), (163, 169), (170, 171), (172, 179), (188, 189), (190, 200), (201, 207), (209, 212), (229, 231), (232, 240)]
[(11, 43), (85, 88), (89, 91), (94, 95), (130, 131), (132, 140), (141, 142), (148, 156), (163, 168), (169, 170), (171, 179), (183, 195), (196, 199), (205, 207), (209, 212), (213, 229), (230, 241)]
[(10, 23), (24, 28), (29, 30), (31, 48), (90, 91), (129, 139), (140, 141), (142, 144), (147, 156), (163, 167), (171, 179), (181, 187), (188, 198), (199, 200), (202, 207), (209, 243), (245, 246)]
[(10, 25), (27, 46), (90, 92), (131, 139), (140, 141), (147, 155), (163, 167), (171, 178), (180, 189), (191, 194), (200, 203), (205, 207), (208, 209), (216, 222), (223, 235), (239, 243)]
[(10, 23), (28, 43), (74, 78), (131, 142), (147, 155), (163, 181), (187, 189), (203, 207), (208, 211), (217, 220), (221, 222), (223, 229)]
[(10, 23), (24, 28), (29, 47), (73, 80), (85, 86), (131, 140), (141, 143), (145, 155), (163, 171), (176, 181), (197, 198), (200, 201), (203, 204), (208, 211), (217, 221)]
[(10, 47), (73, 78), (79, 80), (85, 87), (95, 101), (102, 103), (126, 142), (146, 155), (163, 171), (175, 180), (189, 191), (192, 193), (197, 201), (210, 212)]
[(10, 43), (67, 70), (73, 84), (85, 87), (89, 99), (101, 104), (125, 126), (127, 141), (145, 154), (162, 170), (174, 180), (188, 192), (196, 204)]
[(10, 28), (29, 44), (63, 69), (73, 84), (85, 99), (100, 103), (125, 138), (139, 144), (145, 154), (162, 170), (173, 180), (188, 192), (193, 195), (196, 204), (210, 218)]
[(10, 46), (62, 66), (70, 84), (85, 97), (98, 101), (124, 129), (130, 154), (162, 170), (180, 186), (188, 193), (196, 205), (210, 218), (227, 230)]
[(11, 47), (62, 65), (70, 75), (78, 84), (86, 100), (124, 129), (130, 154), (162, 170), (179, 187), (189, 191), (201, 203), (204, 207), (210, 218), (219, 222), (224, 226), (227, 230)]
[(11, 42), (44, 49), (63, 66), (69, 74), (75, 76), (86, 99), (124, 129), (130, 141), (142, 144), (145, 153), (161, 170), (179, 187), (210, 217), (218, 219), (221, 223), (225, 229)]
[(11, 43), (48, 51), (64, 74), (86, 98), (124, 137), (138, 153), (154, 157), (160, 169), (175, 178), (179, 180), (213, 217), (219, 225), (226, 229)]
[(12, 45), (66, 75), (91, 98), (124, 137), (138, 139), (141, 153), (156, 157), (158, 160), (161, 169), (181, 182), (221, 226), (227, 233)]
[(12, 40), (41, 46), (68, 78), (91, 97), (124, 126), (127, 128), (129, 142), (144, 153), (154, 155), (157, 160), (161, 169), (175, 176), (177, 179), (192, 193), (222, 227)]
[(13, 40), (43, 47), (69, 79), (90, 97), (124, 125), (127, 128), (129, 136), (137, 138), (139, 157), (158, 160), (161, 168), (177, 181), (191, 193), (223, 227), (235, 236)]
[(14, 41), (46, 48), (70, 74), (77, 82), (88, 93), (96, 97), (124, 136), (140, 153), (154, 156), (159, 168), (174, 175), (176, 178), (183, 190), (191, 193), (210, 215), (217, 218), (222, 226), (229, 230), (238, 239)]
[(15, 42), (70, 75), (78, 84), (85, 89), (95, 97), (126, 128), (129, 136), (137, 138), (141, 156), (160, 168), (176, 177), (179, 184), (185, 190), (191, 193), (222, 228)]
[(15, 42), (71, 76), (78, 85), (95, 98), (124, 142), (144, 152), (153, 154), (160, 168), (173, 174), (175, 193), (222, 232)]
[(17, 37), (38, 43), (71, 77), (78, 87), (89, 91), (94, 97), (124, 152), (155, 156), (160, 167), (173, 174), (175, 183), (184, 193), (222, 236)]
[(18, 37), (40, 43), (72, 91), (92, 97), (124, 152), (156, 167), (168, 171), (172, 174), (175, 183), (184, 188), (189, 193), (211, 212), (214, 216), (219, 220), (222, 238)]
[(19, 37), (41, 44), (73, 90), (91, 95), (125, 137), (138, 152), (155, 167), (174, 183), (184, 188), (189, 193), (222, 240)]
[(21, 32), (33, 38), (43, 45), (73, 94), (125, 142), (143, 156), (157, 158), (159, 167), (174, 183), (186, 188), (189, 201), (216, 219), (223, 241)]
[(23, 32), (34, 38), (74, 93), (125, 136), (141, 142), (143, 156), (159, 167), (174, 182), (183, 184), (186, 187), (189, 192), (193, 202), (217, 220), (223, 242)]
[(25, 32), (35, 38), (74, 92), (126, 151), (159, 167), (174, 182), (187, 192), (196, 201), (223, 243)]
[(27, 32), (36, 39), (75, 91), (126, 142), (143, 151), (159, 167), (174, 182), (188, 192), (195, 198), (199, 200), (223, 244)]
[(28, 33), (37, 39), (75, 90), (127, 135), (136, 137), (138, 139), (141, 151), (158, 166), (174, 181), (188, 191), (194, 201), (224, 244)]
[(29, 33), (76, 85), (86, 89), (109, 112), (128, 135), (136, 137), (139, 142), (143, 150), (158, 166), (173, 181), (188, 191), (200, 203), (224, 244)]
[(31, 33), (76, 84), (86, 89), (142, 150), (158, 166), (173, 181), (187, 190), (224, 243)]
[(32, 34), (69, 75), (76, 78), (81, 84), (86, 90), (142, 150), (151, 152), (158, 166), (173, 180), (187, 190), (199, 202), (203, 205), (224, 243)]
[(65, 68), (75, 78), (81, 90), (92, 96), (129, 138), (139, 141), (142, 150), (151, 154), (158, 166), (173, 180), (187, 190), (225, 242)]
[(68, 72), (75, 77), (81, 90), (92, 99), (130, 136), (138, 140), (141, 150), (151, 152), (158, 163), (166, 168), (173, 180), (187, 189), (225, 242)]
[(70, 74), (76, 78), (79, 81), (82, 89), (93, 102), (131, 134), (136, 149), (158, 162), (166, 173), (175, 180), (186, 189), (226, 241)]
[(70, 71), (72, 75), (77, 95), (97, 106), (132, 149), (150, 151), (158, 160), (166, 172), (180, 181), (186, 188), (226, 241), (244, 246)]
[(71, 109), (133, 134), (135, 140), (141, 149), (153, 154), (157, 159), (165, 172), (179, 186), (198, 199), (226, 240), (242, 243), (247, 249)]
[(77, 87), (90, 113), (135, 136), (137, 140), (141, 149), (155, 156), (157, 159), (165, 172), (179, 186), (193, 195), (200, 204), (227, 239), (244, 246), (250, 251)]
[(78, 82), (89, 93), (97, 117), (136, 140), (141, 149), (153, 154), (157, 161), (165, 172), (178, 186), (193, 200), (226, 238), (247, 250), (251, 253)]
[(76, 78), (84, 87), (88, 91), (101, 122), (141, 149), (157, 163), (165, 172), (178, 185), (192, 196), (226, 237), (253, 254)]
[(74, 88), (94, 98), (107, 128), (144, 148), (157, 171), (178, 185), (226, 235)]
[(72, 75), (80, 85), (98, 106), (112, 142), (157, 165), (167, 171), (178, 184), (197, 201), (215, 216), (225, 234)]
[(70, 80), (102, 116), (119, 144), (153, 159), (169, 171), (224, 232)]
[(105, 141), (153, 155), (157, 159), (205, 206), (224, 231)]
[(108, 138), (200, 201), (202, 203), (205, 208), (223, 232), (245, 246)]
[(112, 140), (178, 184), (201, 203), (205, 210), (224, 233), (238, 242), (243, 244)]
[(36, 43), (44, 48), (70, 76), (115, 142), (205, 207), (208, 212), (216, 217), (225, 242)]
[(22, 29), (38, 41), (50, 51), (65, 84), (118, 143), (153, 154), (156, 158), (184, 186), (208, 211), (218, 220), (223, 242)]
[(26, 36), (38, 39), (65, 88), (91, 92), (93, 98), (102, 104), (121, 145), (155, 159), (223, 224), (225, 239)]
[(14, 40), (41, 43), (44, 45), (50, 51), (53, 65), (67, 89), (96, 102), (125, 147), (153, 156), (224, 238)]
[(21, 38), (39, 42), (46, 66), (67, 89), (95, 98), (129, 148), (185, 186), (225, 236)]
[(8, 38), (39, 41), (42, 44), (55, 60), (61, 64), (68, 89), (134, 150), (184, 187), (229, 233)]
[(16, 40), (42, 45), (46, 50), (53, 54), (58, 61), (62, 65), (66, 68), (69, 88), (89, 90), (92, 93), (146, 152), (172, 173), (184, 188), (236, 245)]
[(16, 36), (38, 40), (47, 48), (56, 67), (70, 85), (170, 176), (183, 189), (235, 247)]
[(12, 20), (24, 31), (41, 43), (70, 82), (169, 171), (172, 173), (182, 189), (231, 248)]
[(22, 26), (39, 48), (69, 83), (148, 151), (182, 188), (230, 232), (233, 249)]
[(38, 49), (68, 83), (147, 152), (181, 187), (224, 233), (235, 248)]
[(67, 83), (179, 187), (197, 199), (219, 226), (229, 246)]
[(66, 83), (180, 186), (191, 203), (204, 206), (218, 224), (231, 245)]
[(64, 83), (163, 165), (177, 185), (190, 198), (217, 224), (228, 245)]
[(63, 83), (160, 166), (178, 184), (190, 192), (194, 200), (217, 232), (236, 245)]
[(62, 83), (162, 163), (164, 165), (177, 184), (189, 200), (217, 230), (241, 245)]
[(61, 82), (177, 183), (189, 193), (194, 198), (199, 200), (213, 215), (217, 229), (240, 245)]
[(34, 59), (60, 82), (83, 154), (176, 180), (190, 191), (192, 199), (218, 230), (239, 245)]
[(34, 157), (190, 197), (206, 208), (212, 215), (218, 244)]
[(34, 176), (184, 197), (204, 205), (207, 211), (219, 242)]
[(34, 114), (117, 176), (180, 192), (193, 194), (195, 199), (204, 206), (221, 237)]
[(32, 33), (34, 47), (49, 114), (115, 175), (176, 193), (195, 198), (199, 200), (201, 202), (204, 206), (225, 231)]
[(34, 47), (48, 97), (100, 193)]
[(31, 33), (34, 97), (99, 176), (177, 198), (203, 208), (210, 211), (214, 218), (243, 246)]
[(31, 33), (34, 95), (96, 162), (164, 178), (180, 208), (217, 219), (221, 224), (238, 247)]
[(34, 77), (79, 154), (164, 183), (190, 191), (192, 193), (194, 195), (198, 216), (220, 224), (237, 247)]
[(35, 71), (73, 77), (81, 120), (123, 155), (163, 172), (174, 183), (185, 186), (195, 196), (207, 224), (237, 248)]
[(29, 30), (31, 32), (33, 34), (35, 76), (83, 156), (162, 183), (199, 200), (214, 236), (237, 248)]
[(35, 76), (86, 158), (161, 171), (172, 183), (198, 201), (221, 222), (228, 236), (241, 249)]
[(28, 32), (33, 34), (35, 45), (47, 76), (87, 159), (161, 183), (231, 237), (242, 243), (246, 249)]
[(28, 31), (33, 34), (35, 54), (56, 76), (90, 160), (161, 183), (242, 247)]
[(28, 32), (33, 34), (35, 55), (58, 76), (92, 122), (123, 183), (187, 188), (191, 195), (203, 204), (222, 223), (243, 246)]
[(25, 29), (30, 34), (35, 53), (60, 76), (94, 104), (107, 169), (170, 185), (189, 190), (191, 197), (198, 200), (203, 206), (220, 221)]
[(25, 28), (30, 53), (61, 76), (96, 167), (168, 174), (176, 188), (191, 194), (195, 202), (203, 209), (216, 217), (220, 222)]
[(15, 16), (20, 28), (30, 52), (60, 61), (62, 76), (98, 164), (165, 166), (167, 173), (174, 189), (191, 195), (197, 202), (203, 217), (221, 225), (229, 232), (250, 252)]
[(16, 18), (21, 26), (34, 35), (36, 51), (59, 62), (63, 76), (100, 165), (166, 170), (174, 189), (195, 200), (201, 202), (205, 218), (219, 222), (227, 232)]
[(16, 26), (34, 35), (36, 50), (61, 62), (64, 75), (102, 166), (167, 180), (185, 191), (193, 202), (203, 218), (219, 228)]
[(12, 15), (17, 27), (33, 34), (36, 43), (44, 53), (66, 75), (104, 122), (125, 168), (169, 174), (187, 190), (203, 205), (207, 218), (219, 231), (251, 253)]
[(13, 26), (30, 32), (36, 41), (42, 55), (67, 74), (107, 124), (131, 166), (167, 169), (170, 173), (181, 189), (194, 204), (205, 209), (210, 218), (219, 234)]
[(8, 12), (14, 24), (28, 32), (36, 48), (49, 54), (69, 73), (91, 103), (108, 125), (139, 170), (171, 186), (195, 209), (210, 217), (219, 226), (228, 234)]
[(11, 23), (24, 26), (27, 32), (36, 50), (52, 53), (59, 60), (70, 73), (82, 100), (110, 127), (143, 172), (196, 209), (212, 215), (219, 222), (230, 232)]
[(12, 22), (24, 26), (27, 29), (37, 49), (58, 65), (74, 99), (112, 128), (146, 167), (168, 170), (194, 195), (196, 209), (231, 232)]
[(4, 21), (24, 25), (34, 35), (37, 46), (47, 48), (58, 65), (67, 74), (77, 98), (106, 108), (114, 130), (148, 168), (194, 195), (197, 208), (237, 238)]
[(10, 22), (30, 31), (33, 36), (37, 45), (56, 60), (62, 73), (79, 97), (105, 107), (112, 116), (117, 131), (150, 168), (187, 189), (191, 195), (231, 233), (237, 240), (244, 246)]
[(5, 22), (28, 32), (33, 36), (37, 45), (54, 58), (61, 73), (77, 102), (105, 107), (111, 116), (118, 133), (152, 168), (169, 177), (180, 188), (190, 196), (231, 234), (235, 245)]
[(4, 21), (27, 31), (33, 34), (37, 44), (55, 57), (61, 72), (77, 78), (81, 107), (109, 134), (151, 153), (154, 168), (171, 179), (195, 197), (229, 246), (248, 251)]
[(7, 21), (27, 31), (34, 36), (37, 44), (45, 48), (61, 72), (75, 77), (81, 135), (151, 154), (156, 168), (169, 179), (191, 197), (229, 247), (249, 251)]
[(1, 19), (27, 28), (38, 43), (44, 49), (61, 73), (74, 76), (78, 126), (127, 136), (150, 155), (157, 168), (169, 172), (173, 178), (230, 247), (248, 251)]
[(7, 19), (20, 24), (26, 34), (38, 43), (44, 49), (61, 73), (75, 125), (127, 138), (150, 155), (158, 168), (169, 173), (174, 176), (231, 249)]
[(6, 17), (22, 24), (26, 34), (36, 37), (38, 43), (44, 45), (47, 49), (62, 125), (128, 139), (149, 156), (160, 167), (169, 175), (204, 209), (231, 246)]
[(2, 17), (26, 34), (36, 37), (38, 43), (63, 124), (130, 141), (149, 156), (160, 167), (168, 174), (204, 216), (231, 243)]
[(8, 15), (30, 34), (36, 37), (38, 42), (54, 58), (66, 122), (132, 142), (148, 156), (161, 167), (168, 177), (204, 224), (231, 240)]
[(6, 21), (24, 30), (32, 34), (53, 58), (78, 121), (134, 144), (148, 157), (161, 166), (167, 179), (204, 238)]
[(4, 18), (20, 22), (23, 26), (32, 33), (52, 57), (73, 120), (136, 145), (148, 157), (162, 181), (204, 239)]
[(6, 15), (17, 18), (20, 28), (29, 30), (31, 34), (51, 56), (72, 118), (138, 157), (162, 183), (204, 239)]
[(5, 10), (17, 18), (21, 28), (31, 34), (51, 56), (70, 71), (72, 117), (140, 157), (162, 173), (174, 182), (204, 225), (227, 239)]
[(3, 6), (9, 13), (43, 46), (66, 115), (142, 157), (162, 175), (176, 182), (204, 220), (230, 238)]
[(8, 11), (17, 18), (25, 33), (44, 47), (62, 114), (144, 157), (162, 178), (204, 217)]
[(6, 8), (18, 20), (25, 31), (43, 47), (60, 112), (146, 157), (163, 180), (204, 212)]
[(13, 14), (15, 16), (23, 24), (25, 33), (44, 48), (57, 110), (148, 157), (162, 182)]
[(18, 20), (25, 28), (32, 33), (56, 108), (150, 157), (162, 184), (204, 206)]
[(18, 20), (23, 24), (53, 106), (152, 158), (166, 186)]
[(14, 16), (18, 19), (21, 23), (24, 25), (51, 54), (55, 104), (154, 158), (171, 188)]
[(12, 13), (14, 17), (18, 19), (20, 26), (50, 102), (156, 158), (177, 190)]
[(12, 14), (15, 16), (21, 22), (23, 28), (50, 53), (54, 99), (180, 192)]
[(23, 26), (54, 97), (184, 193)]
[(45, 46), (53, 95), (96, 129), (187, 195), (201, 205), (228, 229)]
[(44, 45), (53, 92), (96, 131), (188, 196), (201, 202), (221, 222), (234, 235)]
[(44, 47), (53, 89), (96, 107), (109, 112), (113, 124), (126, 129), (130, 133), (190, 199), (201, 202), (214, 215)]
[(52, 87), (96, 102), (111, 119), (128, 135), (192, 205)]
[(43, 44), (52, 84), (96, 105), (111, 123), (127, 137), (193, 206)]
[(42, 45), (51, 82), (96, 139), (193, 201), (202, 206), (212, 213)]
[(43, 44), (51, 79), (96, 141), (194, 201), (202, 206), (236, 237)]
[(51, 76), (196, 201), (202, 207)]
[(48, 73), (198, 202), (204, 207), (208, 209), (215, 216)]
[(47, 71), (198, 214), (234, 235)]
[(48, 68), (198, 204), (205, 218), (221, 222), (228, 229)]
[(49, 66), (197, 201), (202, 211), (214, 218)]
[(41, 44), (49, 63), (197, 200), (201, 204), (205, 211), (215, 217)]
[(43, 45), (48, 61), (105, 112), (196, 198), (200, 204), (206, 210)]
[(105, 112)]
[(105, 138), (200, 201)]
[(105, 139), (198, 201)]
[(105, 141), (194, 204)]
[(138, 139), (193, 205), (237, 241)]
[(190, 206), (234, 240)]
[(187, 190), (191, 193), (195, 206), (230, 239)]
[(180, 204), (227, 236)]
[(6, 9), (179, 184), (190, 203), (224, 236)]
[(8, 14), (178, 184), (187, 203), (221, 235)]
[(10, 17), (178, 191), (196, 197), (198, 203), (217, 234), (235, 236)]
[(12, 17), (126, 127), (131, 132), (133, 136), (169, 170), (178, 189), (199, 203), (215, 233), (234, 239)]
[(13, 17), (123, 127), (131, 133), (134, 144), (156, 189), (198, 203), (216, 231), (233, 240), (242, 243)]
[(15, 17), (131, 132), (133, 146), (154, 190), (196, 203), (216, 230), (231, 235), (236, 237)]
[(5, 9), (136, 146), (154, 201), (216, 228), (230, 237)]
[(8, 17), (155, 179), (181, 197), (216, 228), (229, 237), (248, 250), (251, 252)]
[(11, 17), (122, 123), (126, 127), (130, 132), (133, 146), (155, 180), (185, 192), (216, 227), (232, 244), (251, 252)]
[(14, 17), (122, 126), (131, 133), (134, 146), (155, 181), (182, 183), (187, 188), (191, 192), (216, 226), (228, 231), (233, 239), (250, 252)]
[(124, 125), (126, 127), (133, 146), (155, 181), (186, 189), (216, 226), (227, 234), (236, 245), (246, 247), (248, 251)]
[(14, 17), (155, 180), (186, 187), (216, 225), (227, 238), (240, 245)]
[(9, 17), (156, 179), (185, 187), (216, 225), (227, 233), (234, 238), (240, 241)]
[(10, 17), (124, 125), (126, 127), (132, 134), (135, 148), (156, 180), (185, 186), (215, 226), (231, 234), (241, 247)]
[(77, 80), (124, 129), (132, 134), (135, 148), (156, 180), (185, 186), (215, 221), (222, 225), (227, 231), (234, 247)]
[(15, 17), (76, 84), (156, 177), (214, 226), (231, 236), (237, 245)]
[(13, 17), (34, 53), (72, 74), (142, 149), (157, 173), (214, 245)]
[(11, 17), (34, 53), (73, 74), (129, 130), (135, 137), (138, 150), (157, 175), (213, 245)]
[(9, 16), (34, 53), (127, 132), (136, 138), (139, 146), (157, 175), (212, 243)]
[(7, 10), (16, 17), (34, 52), (158, 170), (172, 173), (211, 244)]
[(14, 17), (34, 52), (158, 173), (210, 228), (229, 245)]
[(13, 17), (34, 52), (159, 170), (210, 235), (236, 239), (240, 245)]
[(12, 17), (159, 168), (173, 174), (210, 222), (233, 241)]
[(10, 14), (160, 162), (164, 167), (210, 219), (231, 232), (237, 241)]
[(9, 11), (15, 17), (184, 186), (213, 215), (226, 237), (240, 243)]
[(8, 9), (14, 17), (219, 221), (223, 224), (228, 245)]
[(13, 17), (208, 210), (211, 215), (218, 221), (222, 225), (227, 231), (233, 241), (242, 246), (254, 256)]
[(12, 16), (184, 185), (208, 209), (213, 217), (219, 246), (247, 249), (254, 255)]
[(11, 14), (175, 178), (180, 181), (182, 185), (210, 211), (218, 226), (229, 246), (247, 249), (255, 256)]
[(10, 12), (180, 184), (185, 186), (208, 209), (214, 217), (218, 223), (225, 227), (232, 234), (236, 238), (240, 243), (253, 256)]
[(178, 186), (192, 195), (207, 208), (209, 212), (213, 217), (218, 226), (228, 231), (232, 246), (247, 252), (255, 256)]
[(174, 176), (177, 178), (180, 182), (183, 185), (192, 193), (201, 203), (206, 214), (219, 220), (222, 223), (231, 234), (235, 238), (244, 246), (248, 256)]
