(256, 256)
[(0, 17), (99, 145), (227, 256)]
[(0, 18), (98, 146), (226, 256)]
[(0, 18), (97, 147), (226, 256)]
[(0, 19), (97, 147), (225, 256)]
[(0, 20), (96, 148), (224, 256)]
[(0, 20), (95, 149), (224, 256)]
[(0, 21), (95, 149), (223, 256)]
[(0, 22), (94, 150), (222, 256)]
[(0, 22), (93, 151), (222, 256)]
[(0, 23), (93, 151), (221, 256)]
[(0, 24), (92, 152), (220, 256)]
[(0, 24), (92, 153), (220, 256)]
[(0, 25), (91, 153), (219, 256)]
[(0, 26), (90, 154), (218, 256)]
[(0, 26), (90, 155), (218, 256)]
[(0, 27), (89, 155), (217, 256)]
[(0, 28), (88, 156), (217, 256)]
[(0, 28), (88, 156), (216, 256)]
[(0, 29), (87, 157), (215, 256)]
[(0, 29), (86, 158), (214, 256)]
[(0, 30), (86, 158), (214, 256)]
[(0, 31), (85, 159), (213, 256)]
[(0, 31), (84, 160), (213, 256)]
[(0, 32), (84, 160), (212, 256)]
[(0, 33), (83, 161), (211, 256)]
[(0, 33), (82, 162), (211, 256)]
[(0, 34), (82, 162), (210, 256)]
[(0, 35), (81, 163), (209, 256)]
[(0, 35), (80, 164), (209, 256)]
[]
[(36, 80), (164, 208)]
[(36, 80), (164, 209)]
[(35, 81), (163, 209)]
[(34, 82), (162, 210)]
[(34, 82), (162, 211)]
[(33, 83), (161, 211)]
[(32, 84), (160, 212)]
[(32, 84), (160, 213)]
[(31, 85), (159, 213)]
[(30, 86), (159, 214)]
[(30, 86), (158, 214)]
[(29, 87), (157, 215)]
[(28, 87), (157, 216)]
[(28, 88), (156, 216)]
[(27, 89), (155, 217)]
[(26, 89), (155, 218)]
[(26, 90), (154, 218)]
[(25, 91), (153, 219)]
[(24, 91), (153, 220)]
[(24, 92), (152, 220)]
[(23, 93), (151, 221)]
[(22, 93), (151, 222)]
[(22, 94), (150, 222)]
[(21, 95), (149, 223)]
[(20, 95), (149, 224)]
[(20, 96), (148, 224)]
[(19, 97), (147, 225)]
[(19, 97), (147, 226)]
[(18, 98), (146, 226)]
[(17, 99), (145, 227)]
[(17, 99), (145, 228)]
[(16, 100), (144, 228)]
[(0, 15), (101, 144), (229, 256)]
[(0, 16), (100, 144), (228, 256)]
[(0, 17), (99, 145), (227, 256)]
[(0, 17), (99, 146), (227, 256)]
[(0, 18), (98, 146), (226, 256)]
[(0, 19), (97, 147), (225, 256)]
[(0, 19), (97, 147), (225, 256)]
[(0, 20), (96, 148), (224, 256)]
[(0, 21), (95, 149), (224, 256)]
[(0, 21), (95, 149), (223, 256)]
[(0, 22), (94, 150), (222, 256)]
[(0, 23), (93, 151), (222, 256)]
[(0, 23), (93, 151), (221, 256)]
[(0, 24), (92, 152), (220, 256)]
[(0, 25), (91, 153), (220, 256)]
[(0, 25), (91, 153), (219, 256)]
[(0, 26), (90, 154), (218, 256)]
[(0, 26), (89, 155), (218, 256)]
[(0, 27), (89, 155), (217, 256)]
[(0, 28), (88, 156), (216, 256)]
[(0, 28), (87, 157), (216, 256)]
[(0, 29), (87, 157), (215, 256)]
[(0, 30), (86, 158), (214, 256)]
[(0, 30), (85, 159), (214, 256)]
[(0, 31), (85, 159), (213, 256)]
[(0, 32), (84, 160), (212, 256)]
[(0, 32), (84, 161), (212, 256)]
[(0, 33), (83, 161), (211, 256)]
[(0, 34), (82, 162), (210, 256)]
[(0, 34), (82, 163), (210, 256)]
[(0, 35), (81, 163), (209, 256)]
[(0, 36), (80, 164), (209, 256)]
[]
[(36, 80), (164, 208)]
[(35, 81), (164, 209)]
[(35, 81), (163, 209)]
[(34, 82), (162, 210)]
[(33, 82), (162, 211)]
[(33, 83), (161, 211)]
[(32, 84), (160, 212)]
[(31, 84), (160, 213)]
[(31, 85), (159, 213)]
[(30, 86), (158, 214)]
[(29, 86), (158, 215)]
[(29, 87), (157, 215)]
[(28, 88), (156, 216)]
[(27, 88), (156, 217)]
[(27, 89), (155, 217)]
[(26, 90), (154, 218)]
[(26, 90), (154, 219)]
[(25, 91), (153, 219)]
[(24, 92), (152, 220)]
[(24, 92), (152, 221)]
[(23, 93), (151, 221)]
[(22, 94), (150, 222)]
[(22, 94), (150, 222)]
[(21, 95), (149, 223)]
[(20, 96), (148, 224)]
[(20, 96), (148, 224)]
[(19, 97), (147, 225)]
[(18, 98), (147, 226)]
[(18, 98), (146, 226)]
[(17, 99), (145, 227)]
[(16, 99), (145, 228)]
[]
[(0, 15), (100, 144), (229, 256)]
[(0, 16), (100, 144), (228, 256)]
[(0, 17), (99, 145), (227, 256)]
[(0, 17), (98, 146), (227, 256)]
[(0, 18), (98, 146), (226, 256)]
[(0, 19), (97, 147), (225, 256)]
[(0, 19), (96, 148), (225, 256)]
[(0, 20), (96, 148), (224, 256)]
[(0, 21), (95, 149), (223, 256)]
[(0, 21), (94, 150), (223, 256)]
[(0, 22), (94, 150), (222, 256)]
[(0, 23), (93, 151), (221, 256)]
[(0, 23), (92, 152), (221, 256)]
[(0, 24), (92, 152), (220, 256)]
[(0, 25), (91, 153), (219, 256)]
[(0, 25), (91, 154), (219, 256)]
[(0, 26), (90, 154), (218, 256)]
[(0, 27), (89, 155), (217, 256)]
[(0, 27), (89, 155), (217, 256)]
[(0, 28), (88, 156), (216, 256)]
[(0, 29), (87, 157), (216, 256)]
[(0, 29), (87, 157), (215, 256)]
[(0, 30), (86, 158), (214, 256)]
[(0, 31), (85, 159), (213, 256)]
[(0, 31), (85, 159), (213, 256)]
[(0, 32), (84, 160), (212, 256)]
[(0, 32), (83, 161), (212, 256)]
[(0, 33), (83, 161), (211, 256)]
[(0, 34), (82, 162), (210, 256)]
[(0, 34), (81, 163), (210, 256)]
[(0, 35), (81, 163), (209, 256)]
[(0, 36), (80, 164), (208, 256)]
[(36, 79), (165, 208)]
[(36, 80), (164, 208)]
[(35, 81), (163, 209)]
[(35, 81), (163, 210)]
[(34, 82), (162, 210)]
[(33, 83), (161, 211)]
[(33, 83), (161, 212)]
[(32, 84), (160, 212)]
[(31, 85), (159, 213)]
[(31, 85), (159, 213)]
[(30, 86), (158, 214)]
[(29, 86), (157, 215)]
[(29, 87), (157, 215)]
[(28, 88), (156, 216)]
[(27, 88), (156, 217)]
[(27, 89), (155, 217)]
[(26, 90), (154, 218)]
[(25, 90), (154, 219)]
[(25, 91), (153, 219)]
[(24, 92), (152, 220)]
[(23, 92), (152, 221)]
[(23, 93), (151, 221)]
[(22, 94), (150, 222)]
[(21, 94), (150, 223)]
[(21, 95), (149, 223)]
[(20, 96), (148, 224)]
[(19, 96), (148, 225)]
[(19, 97), (147, 225)]
[(18, 98), (146, 226)]
[(18, 98), (146, 227)]
[(17, 99), (145, 227)]
[(16, 100), (144, 228)]
[]
[(0, 16), (100, 144), (228, 256)]
[(0, 16), (99, 145), (228, 256)]
[(0, 17), (99, 145), (227, 256)]
[(0, 18), (98, 146), (226, 256)]
[(0, 18), (98, 147), (226, 256)]
[(0, 19), (97, 147), (225, 256)]
[(0, 20), (96, 148), (224, 256)]
[(0, 20), (96, 149), (224, 256)]
[(0, 21), (95, 149), (223, 256)]
[(0, 22), (94, 150), (222, 256)]
[(0, 22), (94, 150), (222, 256)]
[(0, 23), (93, 151), (221, 256)]
[(0, 23), (92, 152), (221, 256)]
[(0, 24), (92, 152), (220, 256)]
[(0, 25), (91, 153), (219, 256)]
[(0, 25), (90, 154), (219, 256)]
[(0, 26), (90, 154), (218, 256)]
[(0, 27), (89, 155), (217, 256)]
[(0, 27), (88, 156), (217, 256)]
[(0, 28), (88, 156), (216, 256)]
[(0, 29), (87, 157), (215, 256)]
[(0, 29), (86, 158), (215, 256)]
[(0, 30), (86, 158), (214, 256)]
[(0, 31), (85, 159), (213, 256)]
[(0, 31), (84, 160), (213, 256)]
[(0, 32), (84, 160), (212, 256)]
[(0, 33), (83, 161), (211, 256)]
[(0, 33), (83, 162), (211, 256)]
[(0, 34), (82, 162), (210, 256)]
[(0, 35), (81, 163), (209, 256)]
[(0, 35), (81, 163), (209, 256)]
[(0, 6), (8, 32), (80, 87), (88, 113), (116, 157), (159, 160), (163, 164), (208, 226), (228, 230), (232, 241), (242, 254), (255, 256)]
[(36, 80), (164, 208)]
[(36, 80), (164, 208)]
[(35, 81), (163, 209)]
[(34, 82), (163, 210)]
[(34, 82), (162, 210)]
[(33, 83), (161, 211)]
[(32, 83), (161, 212)]
[(32, 84), (160, 212)]
[(31, 85), (159, 213)]
[(30, 85), (159, 214)]
[(30, 86), (158, 214)]
[(29, 87), (157, 215)]
[(28, 87), (157, 216)]
[(28, 88), (156, 216)]
[(27, 89), (155, 217)]
[(26, 89), (155, 218)]
[(26, 90), (154, 218)]
[(25, 91), (153, 219)]
[(24, 91), (153, 220)]
[(24, 92), (152, 220)]
[(23, 93), (151, 221)]
[(23, 93), (151, 222)]
[(22, 94), (150, 222)]
[(21, 95), (149, 223)]
[(21, 95), (149, 223)]
[(20, 96), (148, 224)]
[(19, 97), (148, 225)]
[(19, 97), (147, 225)]
[(18, 98), (146, 226)]
[(17, 99), (146, 227)]
[(17, 99), (145, 227)]
[(16, 100), (144, 228)]
