(256, 256)
[(0, 22), (39, 40), (64, 71), (77, 103), (104, 107), (109, 115), (116, 117), (118, 129), (132, 239), (241, 243), (247, 248), (252, 253), (254, 256)]
[(0, 22), (68, 69), (70, 71), (72, 73), (74, 75), (77, 84), (85, 108), (109, 114), (116, 238), (240, 243), (247, 250), (252, 253), (254, 256)]
[(0, 22), (68, 97), (98, 106), (108, 114), (116, 117), (118, 129), (130, 239), (240, 243), (248, 251), (254, 256)]
[(0, 22), (69, 70), (71, 107), (108, 114), (117, 158), (159, 243), (249, 250), (254, 256)]
[(0, 21), (71, 92), (95, 98), (99, 107), (108, 114), (115, 129), (130, 146), (147, 150), (151, 153), (154, 156), (161, 197), (198, 235), (236, 242), (247, 248), (249, 250), (253, 256)]
[(0, 22), (66, 67), (69, 70), (72, 77), (78, 107), (108, 114), (116, 153), (155, 157), (161, 242), (248, 250), (254, 256)]
[(0, 20), (21, 22), (69, 70), (72, 76), (79, 82), (83, 107), (108, 115), (116, 158), (159, 165), (166, 206), (207, 242), (248, 250), (254, 256)]
[(0, 20), (73, 75), (77, 80), (82, 85), (86, 107), (108, 114), (116, 155), (156, 164), (169, 170), (172, 242), (249, 250), (253, 256)]
[(0, 20), (70, 71), (73, 80), (82, 85), (86, 114), (115, 117), (119, 136), (137, 156), (158, 162), (167, 168), (169, 170), (173, 177), (178, 237), (238, 242), (249, 251), (253, 256)]
[(0, 21), (73, 75), (78, 79), (80, 107), (108, 114), (115, 165), (167, 169), (170, 171), (173, 179), (180, 243), (247, 251), (254, 256)]
[(0, 21), (75, 76), (78, 83), (84, 107), (108, 114), (116, 168), (173, 179), (180, 181), (182, 183), (186, 187), (189, 222), (223, 237), (238, 243), (248, 251), (254, 256)]
[(0, 20), (80, 107), (108, 114), (116, 117), (118, 171), (174, 179), (180, 184), (186, 187), (189, 190), (194, 224), (228, 239), (240, 241), (249, 251), (254, 256)]
[(0, 21), (67, 68), (80, 106), (108, 114), (115, 172), (173, 179), (180, 182), (195, 196), (197, 198), (200, 203), (204, 228), (229, 236), (239, 240), (249, 251), (254, 256)]
[(0, 21), (79, 82), (83, 88), (89, 106), (108, 114), (115, 172), (173, 180), (182, 183), (202, 235), (239, 242), (250, 251), (254, 256)]
[(0, 21), (77, 89), (90, 92), (93, 106), (108, 114), (115, 172), (174, 186), (208, 238), (248, 251), (254, 256)]
[(0, 19), (77, 78), (79, 81), (82, 100), (101, 106), (108, 114), (115, 171), (172, 173), (174, 190), (214, 216), (217, 243), (248, 251), (254, 256)]
[(0, 20), (37, 38), (70, 71), (72, 73), (78, 79), (82, 107), (108, 114), (115, 171), (174, 193), (194, 195), (218, 220), (222, 223), (224, 234), (235, 236), (237, 248), (254, 256)]
[(0, 20), (37, 38), (77, 78), (82, 107), (108, 114), (115, 171), (172, 173), (174, 199), (220, 223), (227, 228), (230, 252), (254, 256)]
[(0, 19), (37, 38), (69, 70), (72, 73), (78, 79), (82, 107), (108, 114), (115, 172), (174, 200), (235, 253), (254, 256)]
[(0, 19), (37, 38), (59, 60), (72, 74), (76, 80), (82, 106), (108, 114), (115, 172), (174, 202), (204, 205), (239, 253), (254, 256)]
[(0, 20), (55, 56), (79, 106), (108, 114), (115, 171), (172, 173), (174, 208), (243, 253), (254, 256)]
[(0, 20), (40, 41), (77, 78), (80, 105), (108, 114), (115, 172), (174, 211), (248, 253), (254, 256)]
[(0, 20), (80, 106), (108, 114), (116, 172), (174, 216), (217, 218), (249, 250), (252, 253), (254, 256)]
[(0, 20), (68, 71), (72, 73), (81, 106), (108, 114), (116, 173), (174, 222), (254, 256)]
[(0, 20), (71, 73), (75, 76), (80, 81), (82, 114), (116, 172), (174, 223), (224, 225), (254, 256)]
[(0, 20), (36, 37), (71, 73), (81, 105), (107, 114), (116, 172), (174, 225), (231, 232), (254, 256)]
[(0, 18), (19, 21), (36, 37), (75, 76), (77, 79), (81, 82), (83, 106), (108, 114), (116, 172), (174, 231), (232, 234), (254, 256)]
[(0, 20), (36, 37), (76, 77), (81, 105), (108, 114), (116, 172), (174, 234), (235, 236), (250, 251), (254, 256)]
[(0, 19), (84, 87), (88, 96), (97, 106), (108, 113), (116, 117), (118, 172), (174, 236), (249, 250), (254, 256)]
[(0, 20), (60, 61), (84, 87), (90, 94), (95, 98), (99, 101), (108, 113), (115, 116), (117, 172), (174, 236), (249, 251), (254, 256)]
[(0, 20), (81, 88), (108, 113), (122, 126), (127, 173), (174, 238), (249, 250), (254, 256)]
[(0, 18), (19, 20), (91, 95), (96, 100), (101, 113), (114, 115), (121, 122), (127, 130), (134, 137), (138, 139), (140, 167), (168, 170), (174, 237), (249, 251), (254, 256)]
[(0, 19), (36, 37), (38, 54), (55, 56), (94, 137), (148, 149), (150, 152), (153, 154), (157, 160), (162, 167), (168, 170), (174, 180), (181, 239), (249, 251), (254, 256)]
[(0, 19), (45, 79), (98, 101), (102, 159), (174, 181), (183, 235), (236, 237), (250, 251), (254, 256)]
[(0, 19), (45, 53), (54, 98), (101, 102), (106, 173), (175, 180), (181, 182), (183, 188), (189, 236), (249, 252), (253, 256)]
[(0, 21), (73, 115), (120, 124), (126, 130), (131, 134), (136, 148), (149, 170), (171, 214), (215, 234), (249, 252), (253, 256)]
[(0, 20), (21, 22), (90, 155), (170, 173), (175, 176), (178, 234), (250, 252), (253, 256)]
[(0, 21), (102, 158), (165, 166), (168, 169), (170, 172), (181, 182), (183, 201), (202, 252), (254, 256)]
[(0, 20), (120, 175), (183, 184), (188, 192), (193, 238), (239, 249), (250, 252), (254, 256)]
[(0, 20), (127, 129), (142, 143), (147, 148), (149, 210), (213, 215), (219, 227), (228, 231), (232, 233), (236, 237), (238, 239), (245, 246), (247, 249), (250, 251), (254, 256)]
[(0, 21), (120, 122), (123, 129), (165, 228), (229, 230), (245, 246), (249, 250), (254, 256)]
[(0, 18), (19, 20), (120, 122), (125, 129), (188, 189), (193, 194), (195, 256)]
[(0, 19), (20, 21), (126, 129), (208, 231), (232, 256)]
[(0, 18), (20, 21), (126, 129), (154, 156), (227, 256)]
[(0, 19), (126, 129), (153, 154), (239, 256)]
[(0, 19), (126, 129), (154, 155), (205, 206), (239, 256)]
[(0, 19), (126, 129), (154, 156), (204, 206), (239, 256)]
[(0, 19), (126, 129), (153, 156), (157, 160), (203, 205), (215, 221), (239, 256)]
[(0, 20), (126, 129), (152, 156), (201, 202), (203, 204), (214, 217), (219, 223), (226, 227), (238, 240), (241, 256)]
[(0, 19), (20, 21), (126, 129), (155, 156), (159, 160), (200, 202), (211, 224), (238, 256)]
[(0, 17), (18, 19), (20, 21), (128, 129), (131, 132), (133, 134), (142, 143), (151, 152), (154, 160), (199, 202), (209, 214), (215, 220), (223, 225), (237, 256)]
[(0, 17), (19, 20), (128, 129), (152, 153), (154, 159), (199, 202), (207, 212), (213, 217), (218, 228), (237, 256)]
[(0, 16), (126, 127), (128, 129), (154, 158), (198, 202), (207, 208), (211, 230), (237, 256)]
[(0, 16), (155, 158), (198, 202), (209, 213), (214, 229), (236, 256)]
[(0, 15), (126, 127), (156, 158), (162, 163), (197, 201), (208, 211), (212, 228), (236, 256)]
[(0, 15), (126, 128), (158, 160), (197, 201), (206, 209), (210, 228), (236, 256)]
[(0, 14), (127, 128), (160, 161), (196, 202), (206, 223), (235, 256)]
[(0, 14), (126, 128), (162, 163), (174, 175), (195, 202), (205, 221), (224, 226), (235, 238), (239, 256)]
[(0, 12), (127, 128), (152, 154), (163, 164), (174, 175), (193, 202), (205, 218), (220, 226), (235, 242), (243, 256)]
[(0, 12), (126, 128), (134, 136), (138, 139), (189, 192), (194, 202), (205, 216), (217, 226), (235, 238), (239, 256)]
[(0, 13), (126, 127), (131, 132), (134, 136), (138, 139), (141, 142), (173, 176), (186, 189), (193, 194), (196, 202), (205, 206), (207, 224), (235, 241), (242, 256)]
[(0, 13), (129, 132), (133, 135), (137, 138), (139, 140), (141, 142), (173, 174), (183, 185), (196, 203), (205, 210), (212, 222), (223, 225), (235, 236), (237, 241), (242, 256)]
[(0, 14), (126, 127), (129, 136), (137, 140), (141, 142), (179, 181), (197, 204), (207, 208), (209, 226), (235, 238), (239, 241), (242, 256)]
[(0, 13), (126, 127), (129, 137), (138, 140), (171, 174), (192, 194), (197, 204), (208, 226), (235, 238), (239, 241), (242, 256)]
[(0, 12), (14, 15), (126, 128), (129, 137), (138, 141), (170, 174), (191, 193), (194, 196), (197, 205), (208, 226), (237, 238), (239, 241), (242, 256)]
[(0, 14), (125, 128), (129, 139), (169, 175), (190, 191), (192, 193), (194, 195), (196, 197), (198, 205), (209, 210), (212, 220), (236, 241), (242, 256)]
[(0, 14), (126, 128), (131, 133), (135, 136), (169, 175), (190, 191), (192, 193), (195, 197), (198, 205), (209, 218), (237, 241), (242, 256)]
[(0, 14), (126, 128), (168, 169), (170, 175), (190, 191), (192, 197), (198, 206), (209, 216), (237, 241), (242, 256)]
[(0, 15), (107, 108), (126, 129), (130, 131), (168, 174), (189, 190), (194, 197), (199, 206), (209, 213), (222, 223), (237, 241), (242, 256)]
[(0, 15), (126, 129), (167, 173), (185, 186), (187, 190), (191, 193), (194, 197), (199, 206), (222, 223), (237, 256)]
[(0, 15), (126, 129), (151, 155), (156, 159), (160, 163), (167, 173), (183, 190), (191, 206), (237, 256)]
[(0, 15), (126, 129), (154, 159), (162, 163), (164, 165), (167, 172), (182, 194), (195, 206), (223, 224), (237, 256)]
[(0, 15), (126, 129), (147, 148), (151, 152), (155, 164), (167, 169), (171, 172), (181, 206), (209, 210), (223, 224), (237, 256)]
[(0, 15), (126, 129), (151, 153), (154, 155), (156, 163), (167, 168), (169, 171), (179, 206), (210, 211), (224, 225), (237, 256)]
[(0, 15), (126, 129), (150, 153), (154, 155), (158, 163), (166, 169), (178, 207), (210, 212), (237, 256)]
[(0, 14), (126, 129), (154, 155), (159, 163), (169, 170), (178, 209), (225, 226), (237, 256)]
[(0, 14), (126, 129), (158, 159), (160, 161), (177, 209), (225, 226), (237, 256)]
[(0, 15), (126, 129), (156, 158), (161, 162), (167, 168), (171, 174), (177, 210), (226, 227), (237, 256)]
[(0, 15), (126, 128), (161, 163), (164, 165), (168, 170), (171, 174), (178, 213), (226, 227), (237, 256)]
[(0, 15), (109, 110), (126, 129), (164, 166), (168, 169), (171, 173), (177, 202), (203, 215), (226, 228), (237, 256)]
[(0, 13), (14, 15), (126, 129), (163, 165), (166, 169), (170, 173), (177, 202), (203, 216), (220, 221), (226, 228), (236, 256)]
[(0, 10), (11, 13), (126, 129), (163, 169), (170, 172), (173, 174), (177, 202), (204, 218), (221, 223), (226, 228), (236, 256)]
[(0, 11), (12, 15), (125, 129), (163, 169), (170, 174), (178, 203), (204, 219), (221, 222), (223, 227), (228, 229), (236, 256)]
[(0, 15), (126, 129), (162, 168), (170, 172), (173, 174), (178, 220), (222, 231), (236, 256)]
[(0, 10), (11, 14), (126, 129), (161, 163), (164, 166), (167, 175), (178, 205), (206, 221), (224, 226), (231, 233), (236, 256)]
[(0, 10), (13, 15), (126, 129), (164, 174), (178, 188), (189, 190), (191, 205), (207, 222), (225, 228), (229, 232), (236, 238), (239, 256)]
[(0, 9), (13, 15), (125, 129), (161, 162), (164, 175), (178, 189), (190, 204), (205, 222), (224, 226), (227, 229), (236, 238), (239, 256)]
[(0, 9), (126, 129), (161, 162), (163, 173), (174, 175), (178, 186), (188, 189), (190, 204), (205, 206), (207, 222), (225, 229), (237, 256)]
[(0, 9), (10, 12), (13, 14), (126, 129), (161, 163), (164, 170), (171, 173), (174, 175), (178, 183), (184, 185), (186, 187), (190, 206), (207, 225), (227, 228), (237, 238), (239, 256)]
[(0, 10), (125, 173), (174, 175), (178, 182), (183, 185), (188, 189), (191, 212), (213, 222), (228, 229), (238, 256)]
[(0, 10), (125, 170), (173, 174), (179, 184), (186, 187), (191, 201), (203, 212), (214, 216), (221, 222), (237, 256)]
[(0, 9), (10, 11), (125, 137), (138, 160), (162, 164), (165, 167), (168, 170), (171, 173), (182, 184), (186, 187), (189, 190), (192, 199), (203, 210), (221, 222), (237, 256)]
[(0, 8), (125, 131), (166, 173), (181, 182), (187, 188), (192, 195), (196, 200), (203, 208), (237, 256)]
[(0, 8), (10, 12), (125, 129), (164, 176), (181, 182), (187, 188), (190, 198), (203, 206), (237, 256)]
[(0, 9), (14, 15), (125, 129), (165, 176), (181, 182), (189, 194), (195, 199), (200, 201), (204, 208), (231, 232), (237, 256)]
[(0, 8), (125, 129), (165, 176), (181, 182), (188, 193), (195, 199), (205, 210), (212, 213), (222, 231), (232, 233), (237, 256)]
[(0, 8), (125, 129), (163, 164), (165, 174), (181, 182), (187, 191), (192, 193), (195, 199), (206, 212), (214, 234), (237, 256)]
[(0, 9), (125, 129), (169, 171), (181, 182), (183, 184), (187, 191), (192, 200), (209, 234), (237, 256)]
[(0, 8), (125, 129), (181, 182), (187, 194), (195, 196), (203, 204), (207, 234), (237, 256)]
[(0, 5), (6, 8), (125, 129), (134, 155), (181, 182), (187, 192), (194, 196), (197, 198), (200, 201), (203, 234), (238, 256)]
[(0, 7), (126, 129), (133, 155), (181, 182), (189, 191), (194, 196), (197, 198), (200, 201), (202, 233), (238, 256)]
[(0, 7), (125, 129), (133, 155), (181, 182), (193, 195), (201, 234), (238, 256)]
[(0, 5), (6, 7), (122, 129), (133, 136), (137, 138), (139, 141), (142, 155), (181, 182), (193, 194), (195, 196), (198, 199), (200, 204), (205, 234), (238, 256)]
[(0, 4), (5, 7), (119, 121), (122, 129), (133, 136), (137, 139), (140, 141), (142, 155), (181, 182), (192, 194), (195, 196), (198, 234), (238, 256)]
[(0, 4), (116, 117), (119, 129), (133, 135), (138, 140), (142, 155), (192, 194), (195, 196), (199, 207), (208, 234), (239, 256)]
[(0, 5), (65, 66), (117, 129), (133, 134), (141, 142), (144, 155), (186, 187), (188, 190), (193, 195), (199, 234), (239, 256)]
[(0, 5), (97, 98), (117, 129), (133, 135), (141, 142), (145, 146), (147, 155), (188, 189), (191, 192), (193, 196), (197, 235), (239, 256)]
[(0, 5), (116, 129), (133, 135), (144, 155), (187, 189), (191, 196), (197, 201), (202, 235), (239, 256)]
[(0, 4), (118, 128), (133, 135), (144, 155), (187, 196), (198, 235), (239, 256)]
[(0, 4), (119, 128), (133, 137), (146, 155), (184, 185), (187, 197), (198, 235), (239, 256)]
[(0, 5), (119, 129), (133, 138), (142, 145), (146, 155), (183, 187), (188, 195), (196, 236), (239, 256)]
[(0, 4), (119, 128), (133, 139), (141, 155), (181, 187), (189, 194), (195, 236), (239, 256)]
[(0, 5), (65, 66), (98, 99), (122, 128), (133, 139), (141, 155), (172, 173), (174, 176), (179, 186), (187, 188), (190, 193), (197, 236), (239, 256)]
[(0, 3), (125, 128), (133, 139), (142, 155), (171, 176), (177, 189), (196, 236), (239, 256)]
[(1, 2), (3, 4), (125, 128), (133, 139), (140, 155), (171, 187), (190, 191), (196, 236), (239, 256)]
[(1, 2), (126, 128), (133, 155), (170, 186), (192, 194), (196, 236), (239, 256)]
[(0, 2), (126, 128), (137, 138), (168, 190), (195, 196), (197, 236), (239, 256)]
[(0, 1), (5, 6), (126, 128), (166, 236), (239, 256)]
[(0, 1), (126, 127), (165, 210), (212, 236), (239, 256)]
[(0, 1), (126, 127), (164, 236), (239, 256)]
[(0, 1), (126, 128), (161, 162), (163, 236), (239, 256)]
[(127, 128), (145, 146), (160, 162), (163, 181), (182, 236), (239, 256)]
[(129, 162), (163, 181), (182, 237), (239, 256)]
[(129, 132), (133, 160), (161, 237), (239, 256)]
[(135, 140), (141, 143), (145, 157), (159, 161), (162, 237), (240, 256)]
[(163, 237), (240, 256)]
[(163, 237), (240, 256)]
[(163, 194), (196, 237), (240, 256)]
[(164, 187), (190, 191), (197, 236), (240, 256)]
[(165, 189), (196, 236), (240, 256)]
[(157, 158), (159, 162), (166, 188), (192, 193), (195, 197), (198, 209), (210, 236), (240, 256)]
[(4, 5), (170, 188), (190, 192), (196, 197), (198, 209), (210, 236), (240, 256)]
[(134, 190), (192, 195), (197, 236), (240, 256)]
[(2, 3), (134, 159), (161, 187), (188, 196), (198, 236), (240, 256)]
[(136, 143), (144, 175), (176, 194), (195, 236), (240, 256)]
[(134, 138), (140, 169), (170, 197), (198, 199), (201, 236), (240, 256)]
[(134, 182), (183, 187), (188, 198), (201, 236), (239, 256)]
[(136, 138), (140, 143), (144, 165), (166, 168), (169, 181), (182, 184), (185, 186), (188, 194), (195, 198), (199, 202), (203, 204), (205, 236), (239, 256)]
[(134, 182), (184, 186), (188, 198), (199, 236), (239, 256)]
[(134, 137), (140, 149), (151, 152), (153, 154), (165, 182), (187, 188), (190, 236), (239, 256)]
[(134, 157), (161, 162), (163, 180), (185, 187), (192, 236), (238, 256)]
[(141, 158), (159, 180), (189, 196), (197, 236), (238, 256)]
[(137, 158), (159, 180), (183, 185), (191, 193), (198, 236), (238, 256)]
[(134, 144), (146, 158), (161, 180), (182, 184), (187, 188), (199, 236), (238, 256)]
[(134, 145), (147, 155), (161, 165), (166, 180), (182, 183), (184, 187), (196, 198), (199, 236), (238, 256)]
[(133, 145), (147, 153), (161, 162), (163, 165), (166, 180), (183, 185), (186, 188), (196, 199), (200, 235), (237, 256)]
[(133, 145), (147, 152), (162, 165), (166, 179), (182, 186), (188, 189), (194, 196), (198, 199), (200, 235), (237, 256)]
[(3, 4), (133, 144), (147, 149), (153, 155), (166, 179), (182, 185), (186, 189), (199, 200), (202, 235), (237, 256)]
[(133, 143), (152, 155), (166, 178), (181, 183), (185, 190), (206, 235), (236, 256)]
[(133, 142), (152, 153), (163, 164), (165, 177), (183, 190), (201, 202), (208, 235), (236, 256)]
[(133, 135), (136, 140), (151, 152), (154, 155), (156, 157), (162, 163), (164, 165), (166, 168), (169, 176), (183, 191), (209, 235), (236, 256)]
[(133, 140), (164, 167), (170, 176), (177, 179), (182, 187), (188, 192), (212, 235), (236, 256)]
[(133, 140), (153, 154), (168, 174), (176, 179), (182, 183), (184, 192), (199, 200), (206, 207), (215, 256)]
[(133, 137), (138, 139), (169, 174), (175, 180), (184, 193), (212, 214), (216, 217), (218, 250), (252, 256)]
[(133, 140), (153, 159), (165, 168), (170, 174), (175, 179), (182, 183), (185, 193), (194, 195), (201, 202), (210, 211), (212, 216), (217, 218), (221, 250), (252, 256)]
[(133, 142), (164, 169), (170, 179), (181, 182), (186, 195), (213, 220), (226, 252), (253, 256)]
[(133, 145), (146, 150), (156, 158), (159, 162), (164, 165), (166, 168), (169, 172), (173, 179), (186, 194), (195, 198), (206, 207), (213, 220), (229, 230), (234, 251), (253, 256)]
[(134, 144), (147, 150), (157, 161), (166, 168), (169, 179), (180, 181), (186, 194), (195, 200), (206, 207), (213, 220), (225, 226), (229, 230), (234, 252), (253, 256)]
[(135, 142), (144, 145), (146, 150), (152, 154), (170, 177), (180, 181), (187, 195), (198, 200), (211, 212), (213, 221), (228, 230), (232, 233), (234, 252), (253, 256)]
[(142, 144), (145, 155), (168, 177), (179, 180), (187, 195), (213, 221), (228, 231), (232, 233), (234, 253), (254, 256)]
[(145, 149), (150, 155), (166, 177), (179, 182), (185, 195), (208, 209), (214, 221), (229, 234), (235, 252), (254, 256)]
[(141, 142), (144, 149), (150, 156), (162, 177), (179, 183), (184, 195), (200, 202), (204, 205), (207, 208), (214, 217), (218, 221), (227, 228), (229, 234), (235, 248), (250, 253), (254, 256)]
[(143, 156), (161, 175), (178, 196), (204, 207), (214, 217), (218, 221), (227, 228), (229, 232), (233, 234), (235, 248), (250, 256)]
[(130, 132), (142, 156), (159, 174), (175, 176), (178, 196), (206, 209), (210, 211), (214, 222), (227, 229), (231, 247), (250, 253), (254, 256)]
[(142, 145), (147, 156), (159, 164), (165, 170), (173, 174), (176, 177), (178, 196), (209, 211), (214, 222), (230, 247), (250, 256)]
[(142, 149), (150, 164), (165, 166), (167, 170), (178, 196), (203, 205), (215, 222), (230, 232), (234, 235), (236, 247), (250, 256)]
[(141, 150), (151, 152), (155, 165), (167, 171), (176, 177), (178, 196), (207, 209), (215, 222), (230, 233), (234, 235), (236, 247), (250, 256)]
[(142, 150), (151, 153), (155, 169), (170, 174), (175, 176), (177, 196), (208, 210), (215, 222), (230, 233), (234, 235), (238, 247), (249, 256)]
[(142, 151), (153, 176), (178, 196), (209, 210), (215, 223), (230, 233), (234, 236), (238, 247), (249, 256)]
[(143, 149), (150, 195), (204, 205), (208, 209), (210, 211), (212, 213), (215, 223), (230, 233), (235, 236), (238, 246), (249, 256)]
[(144, 149), (150, 151), (153, 195), (211, 213), (215, 223), (231, 233), (235, 236), (238, 246), (248, 256)]
[(145, 146), (147, 152), (153, 154), (155, 195), (211, 212), (216, 219), (220, 223), (231, 234), (235, 236), (238, 246), (248, 256)]
[(144, 152), (154, 186), (188, 195), (203, 205), (215, 223), (231, 234), (239, 245), (248, 256)]
[(143, 149), (153, 171), (173, 184), (187, 194), (203, 204), (215, 219), (220, 223), (231, 235), (238, 240), (248, 256)]
[(143, 151), (152, 194), (202, 203), (215, 219), (220, 223), (230, 232), (236, 238), (242, 245), (248, 256)]
[(142, 172), (174, 194), (216, 223), (228, 229), (235, 245), (247, 256)]
[(140, 175), (178, 193), (215, 217), (220, 223), (225, 226), (228, 229), (231, 245), (247, 256)]
[(139, 177), (179, 193), (223, 224), (230, 244), (247, 256)]
[(138, 178), (181, 192), (230, 243), (247, 256)]
[(137, 175), (177, 178), (183, 192), (193, 195), (215, 216), (224, 225), (231, 243), (247, 256)]
[(136, 177), (181, 192), (194, 196), (215, 217), (219, 220), (231, 235), (237, 244), (247, 256)]
[(136, 175), (176, 177), (180, 188), (189, 191), (215, 217), (218, 219), (232, 235), (237, 245), (246, 256)]
[(135, 144), (145, 176), (181, 191), (215, 216), (229, 231), (236, 245), (246, 256)]
[(135, 143), (146, 180), (182, 191), (219, 223), (227, 231), (233, 244), (246, 256)]
[(136, 140), (147, 159), (163, 165), (166, 181), (184, 190), (195, 197), (206, 207), (216, 219), (220, 221), (229, 230), (232, 233), (235, 244), (245, 256)]
[(104, 130), (147, 162), (163, 184), (185, 191), (192, 193), (194, 195), (202, 206), (215, 219), (227, 228), (230, 233), (234, 244), (246, 256)]
[(105, 130), (132, 135), (148, 166), (167, 194), (201, 204), (215, 218), (220, 223), (230, 232), (234, 235), (236, 256)]
[(107, 132), (136, 137), (144, 145), (149, 165), (168, 189), (192, 193), (202, 203), (215, 218), (219, 222), (226, 228), (230, 231), (236, 256)]
[(105, 110), (146, 147), (150, 157), (158, 159), (160, 167), (168, 188), (206, 207), (215, 224), (229, 230), (235, 256)]
[(106, 109), (147, 148), (154, 165), (168, 188), (189, 190), (193, 195), (215, 223), (224, 229), (231, 232), (234, 238), (239, 256)]
[(155, 157), (158, 165), (166, 187), (190, 192), (214, 223), (225, 228), (230, 231), (234, 256)]
[(160, 163), (165, 186), (188, 190), (214, 227), (233, 237), (238, 248), (249, 256)]
[(165, 167), (172, 185), (187, 189), (190, 192), (195, 196), (197, 198), (214, 215), (216, 228), (232, 256)]
[(165, 166), (170, 171), (172, 184), (185, 191), (194, 199), (217, 218), (222, 223), (225, 228), (229, 256)]
[(165, 167), (172, 185), (186, 189), (190, 193), (195, 201), (223, 224), (226, 230), (231, 241), (242, 256)]
[(165, 167), (172, 184), (185, 192), (195, 196), (197, 199), (201, 204), (218, 220), (224, 228), (230, 240), (242, 256)]
[(166, 168), (172, 190), (195, 200), (201, 204), (218, 219), (220, 223), (229, 238), (241, 256)]
[(172, 188), (195, 200), (203, 204), (218, 220), (225, 226), (229, 237), (240, 256)]
[(135, 138), (172, 188), (189, 192), (198, 199), (205, 206), (226, 227), (230, 236), (237, 239), (240, 248), (249, 251), (252, 256)]
[(133, 139), (140, 141), (172, 181), (182, 185), (188, 194), (196, 197), (204, 205), (226, 239), (240, 248), (249, 251), (252, 256)]
[(133, 137), (138, 139), (140, 141), (142, 143), (165, 167), (172, 181), (182, 183), (185, 186), (187, 191), (192, 194), (204, 205), (206, 207), (228, 233), (236, 247), (248, 256)]
[(132, 136), (140, 141), (143, 144), (165, 166), (173, 180), (183, 185), (186, 195), (205, 207), (234, 241), (242, 245), (246, 247), (248, 256)]
[(133, 135), (165, 166), (173, 180), (182, 185), (186, 192), (193, 194), (205, 206), (207, 208), (234, 241), (243, 244), (246, 252), (253, 256)]
[(137, 138), (174, 179), (181, 182), (183, 194), (204, 208), (228, 241), (243, 244), (246, 256)]
[(137, 138), (183, 192), (203, 208), (229, 239), (246, 256)]
[(175, 177), (179, 184), (185, 192), (199, 208), (228, 238), (246, 256)]
[(131, 132), (175, 176), (177, 178), (181, 185), (196, 206), (207, 209), (229, 237), (247, 251), (252, 256)]
[(113, 117), (119, 120), (122, 128), (129, 131), (132, 133), (166, 167), (176, 179), (194, 202), (203, 204), (205, 207), (208, 209), (229, 235), (247, 256)]
[(116, 118), (119, 120), (122, 124), (132, 135), (143, 144), (166, 168), (176, 180), (193, 200), (201, 202), (203, 209), (229, 234), (248, 256)]
[(116, 118), (130, 139), (141, 142), (143, 144), (166, 167), (177, 180), (181, 186), (187, 189), (193, 194), (195, 197), (198, 204), (206, 209), (229, 232), (233, 237), (239, 240), (241, 243), (248, 256)]
[(144, 145), (177, 190), (193, 202), (206, 209), (229, 242), (243, 244), (248, 251), (252, 256)]
[(0, 1), (143, 144), (160, 169), (177, 190), (193, 194), (195, 199), (206, 209), (229, 242), (243, 245), (246, 256)]
[(156, 157), (159, 170), (175, 176), (179, 191), (192, 193), (195, 196), (206, 209), (230, 242), (243, 256)]
[(146, 147), (156, 163), (164, 171), (173, 174), (177, 180), (182, 184), (185, 194), (206, 208), (230, 256)]
[(146, 148), (157, 174), (177, 183), (185, 194), (205, 208), (231, 256)]
[(146, 149), (155, 166), (167, 175), (176, 177), (178, 196), (205, 208), (229, 230), (231, 256)]
[(146, 150), (154, 177), (178, 184), (185, 192), (193, 194), (205, 208), (229, 256)]
[(151, 152), (154, 177), (178, 183), (185, 195), (205, 208), (229, 256)]
[(154, 177), (178, 181), (185, 194), (195, 196), (205, 208), (228, 245), (250, 256)]
[(155, 177), (178, 181), (183, 196), (203, 208), (209, 210), (212, 214), (228, 245), (249, 256)]
[(155, 181), (183, 185), (186, 194), (201, 203), (204, 207), (214, 215), (228, 247), (249, 256)]
[(156, 176), (177, 180), (182, 185), (187, 196), (200, 201), (204, 208), (228, 229), (231, 248), (249, 256)]
[(156, 176), (177, 183), (184, 186), (189, 195), (201, 203), (205, 208), (228, 230), (232, 248), (249, 256)]
[(157, 176), (177, 183), (188, 189), (191, 196), (201, 203), (205, 208), (231, 256)]
[(24, 25), (45, 46), (55, 166), (168, 176), (177, 183), (188, 191), (193, 195), (201, 203), (205, 207), (209, 210), (211, 212), (233, 256)]
[(22, 24), (51, 52), (56, 57), (60, 61), (62, 167), (169, 170), (173, 185), (188, 191), (194, 196), (199, 200), (204, 207), (226, 227), (233, 256)]
[(20, 22), (51, 52), (72, 73), (74, 168), (169, 171), (173, 175), (176, 179), (180, 184), (187, 190), (194, 196), (198, 199), (201, 202), (204, 207), (219, 220), (225, 226), (233, 248), (249, 256)]
[(19, 21), (72, 83), (84, 165), (166, 180), (183, 184), (187, 189), (204, 207), (214, 216), (224, 225), (235, 248), (249, 256)]
[(17, 19), (53, 54), (59, 60), (71, 72), (73, 74), (75, 178), (179, 183), (187, 188), (197, 198), (204, 207), (211, 212), (213, 215), (219, 220), (236, 248), (249, 256)]
[(16, 18), (59, 61), (65, 67), (69, 71), (74, 89), (90, 179), (183, 186), (187, 189), (195, 196), (204, 207), (208, 210), (213, 216), (220, 221), (237, 256)]
[(14, 15), (16, 17), (18, 19), (61, 62), (75, 82), (83, 87), (88, 89), (90, 111), (112, 179), (185, 186), (187, 188), (189, 190), (191, 198), (203, 206), (219, 221), (238, 256)]
[(13, 15), (78, 79), (80, 86), (88, 93), (94, 180), (188, 193), (194, 199), (203, 206), (218, 220), (239, 256)]
[(125, 128), (131, 178), (188, 192), (193, 194), (195, 200), (203, 206), (216, 221), (229, 230), (232, 235), (240, 256)]
[(143, 180), (181, 182), (188, 195), (196, 201), (203, 205), (214, 215), (216, 221), (232, 234), (236, 237), (240, 246), (248, 256)]
[(38, 39), (143, 175), (176, 180), (181, 190), (191, 196), (197, 198), (200, 205), (206, 208), (209, 211), (213, 215), (216, 220), (232, 235), (236, 237), (240, 247), (248, 256)]
[(144, 145), (149, 150), (151, 174), (175, 176), (192, 197), (198, 201), (202, 205), (209, 217), (222, 223), (232, 239), (240, 256)]
[(57, 59), (60, 63), (86, 87), (88, 89), (101, 102), (105, 107), (144, 180), (181, 182), (185, 187), (188, 199), (200, 205), (207, 213), (214, 217), (218, 219), (230, 231), (232, 233), (234, 235), (236, 240), (241, 256)]
[(56, 59), (60, 62), (86, 92), (97, 106), (119, 120), (123, 124), (144, 177), (179, 196), (198, 203), (204, 206), (210, 211), (213, 219), (232, 233), (236, 240), (241, 256)]
[(56, 61), (144, 178), (185, 196), (197, 208), (209, 210), (212, 218), (233, 235), (236, 237), (238, 240), (241, 256)]
[(55, 61), (144, 179), (183, 184), (186, 195), (199, 211), (212, 218), (219, 223), (229, 230), (233, 235), (238, 239), (241, 256)]
[(54, 61), (144, 172), (173, 182), (188, 194), (199, 209), (210, 212), (213, 218), (223, 226), (228, 230), (231, 234), (235, 237), (238, 256)]
[(53, 60), (144, 183), (188, 194), (198, 219), (226, 230), (231, 234), (235, 256)]
[(51, 60), (144, 184), (186, 187), (192, 193), (199, 222), (238, 256)]
[(2, 4), (5, 6), (44, 51), (55, 70), (71, 74), (88, 89), (93, 94), (95, 96), (99, 100), (101, 103), (104, 107), (109, 113), (119, 126), (127, 184), (185, 186), (187, 188), (199, 205), (206, 213), (214, 224), (238, 256)]
[(0, 6), (29, 30), (84, 125), (127, 130), (136, 144), (148, 150), (158, 175), (176, 184), (185, 188), (191, 194), (198, 203), (205, 223), (225, 226), (228, 229), (232, 234), (235, 236), (238, 256)]
[(0, 184), (185, 190), (191, 195), (197, 203), (204, 214), (215, 226), (229, 231), (232, 236), (238, 256)]
[(0, 38), (39, 55), (56, 58), (59, 61), (62, 70), (71, 74), (75, 77), (79, 184), (185, 203), (204, 206), (207, 256)]
[(0, 38), (39, 51), (54, 57), (62, 65), (72, 73), (75, 77), (79, 80), (81, 176), (180, 203), (204, 218), (219, 256)]
[(0, 30), (45, 46), (48, 49), (82, 177), (178, 179), (181, 205), (206, 218), (219, 220), (225, 256)]
[(0, 30), (54, 55), (81, 177), (178, 179), (180, 187), (188, 191), (192, 206), (207, 216), (219, 220), (227, 256)]
[(0, 28), (82, 186), (187, 188), (192, 205), (206, 216), (219, 220), (227, 256)]
[(0, 30), (31, 32), (64, 65), (82, 180), (181, 187), (191, 192), (193, 205), (207, 216), (220, 223), (225, 228), (229, 256)]
[(0, 23), (64, 65), (67, 68), (74, 77), (78, 79), (81, 180), (181, 187), (188, 193), (194, 204), (205, 216), (217, 220), (222, 224), (226, 228), (230, 256)]
[(0, 23), (25, 80), (81, 195), (196, 219), (222, 225), (226, 227), (228, 229), (232, 243), (246, 256)]
[(0, 80), (81, 194), (196, 205), (206, 219), (220, 221), (222, 223), (229, 230), (235, 243), (246, 256)]
[(0, 204), (205, 226), (235, 243), (246, 256)]
