(256, 256)
[(6, 256)]
[(33, 34), (39, 45), (47, 52), (54, 59), (62, 65), (66, 68), (70, 75), (78, 79), (80, 81), (82, 85), (94, 95), (208, 209), (211, 212), (221, 222), (244, 245), (246, 249), (254, 255)]
[]
[(34, 35), (36, 37), (39, 40), (44, 45), (46, 49), (53, 54), (69, 70)]
[(43, 45), (46, 47), (70, 72)]
[(33, 34), (40, 41), (43, 44), (48, 49), (50, 51), (63, 64), (67, 76), (78, 80)]
[(35, 40), (41, 44), (45, 57), (58, 61), (62, 68), (69, 70), (71, 76), (78, 80), (81, 82)]
[(32, 35), (36, 59), (61, 81), (82, 83), (90, 91)]
[(33, 47), (48, 57), (58, 65), (66, 84), (85, 86), (90, 91), (118, 119)]
[(37, 40), (46, 48), (49, 54), (56, 57), (59, 61), (62, 63), (65, 66), (67, 83), (85, 86), (88, 89), (90, 91), (117, 118)]
[(39, 40), (42, 43), (46, 49), (51, 54), (55, 58), (59, 66), (67, 85), (91, 92)]
[(30, 31), (35, 36), (39, 42), (43, 44), (47, 48), (52, 53), (54, 55), (57, 62), (64, 86), (89, 92)]
[(36, 40), (45, 48), (49, 52), (54, 60), (61, 63), (64, 83), (84, 89), (90, 91)]
[(37, 40), (45, 48), (50, 56), (57, 83)]
[(24, 25), (40, 41), (46, 48), (49, 52), (53, 54), (55, 58), (59, 83), (87, 88)]
[(37, 38), (40, 41), (42, 46), (47, 48), (50, 51), (52, 57), (58, 64), (66, 85), (86, 87)]
[(40, 44), (46, 47), (50, 56), (57, 86), (105, 106)]
[(35, 36), (41, 45), (49, 50), (51, 54), (55, 85)]
[(38, 40), (42, 50), (51, 52), (54, 60), (61, 86), (245, 246)]
[(36, 37), (38, 40), (42, 45), (47, 49), (50, 51), (52, 86), (235, 236), (239, 240), (245, 247)]
[(35, 49), (50, 51), (53, 55), (56, 57), (58, 89), (106, 107), (235, 236), (241, 242)]
[(39, 46), (47, 48), (51, 75), (76, 85), (86, 87), (88, 90), (92, 93), (105, 107)]
[(39, 46), (47, 54), (56, 71), (72, 85), (86, 90), (92, 93)]
[(24, 25), (40, 48), (49, 51), (53, 55), (56, 81), (82, 84), (86, 89), (91, 92), (98, 99), (104, 105), (236, 238), (239, 240)]
[(37, 38), (39, 47), (48, 82), (83, 85), (91, 93), (95, 96), (238, 240), (245, 248)]
[(23, 24), (31, 32), (36, 41), (42, 53), (54, 64), (65, 71), (72, 82), (83, 84), (88, 89), (90, 91), (92, 93), (96, 98), (232, 233), (236, 239), (241, 242), (245, 246), (248, 249)]
[(33, 34), (35, 36), (37, 38), (39, 40), (41, 43), (44, 47), (48, 79), (81, 84), (85, 86), (88, 90), (91, 92), (95, 96), (114, 115), (232, 233), (236, 239), (241, 243), (246, 247), (248, 249)]
[(37, 39), (41, 48), (49, 63), (64, 80), (81, 83), (84, 85), (91, 92), (95, 97), (233, 235), (238, 239), (241, 243), (248, 249)]
[(27, 28), (32, 34), (35, 36), (37, 44), (45, 47), (49, 63), (64, 80), (81, 83), (84, 85), (86, 87), (90, 92), (96, 97), (103, 104), (233, 234), (242, 244), (245, 248), (249, 250)]
[(31, 32), (35, 36), (38, 41), (42, 46), (47, 48), (50, 53), (54, 86), (87, 88), (100, 101), (104, 108), (231, 233), (235, 236), (247, 248)]
[(31, 33), (35, 38), (39, 40), (43, 44), (49, 52), (53, 56), (57, 89), (93, 95), (100, 102), (105, 106), (107, 108), (202, 203), (204, 207), (231, 234), (243, 244), (247, 248), (250, 251)]
[(30, 31), (32, 33), (35, 36), (37, 38), (40, 42), (45, 87), (89, 90), (93, 95), (96, 97), (106, 109), (204, 210), (232, 233), (234, 235), (236, 238), (243, 244), (247, 249)]
[(23, 24), (28, 29), (31, 32), (35, 37), (38, 39), (41, 42), (43, 47), (48, 89), (91, 92), (93, 94), (95, 96), (97, 100), (205, 210), (231, 233), (234, 238), (242, 244), (245, 246), (248, 249), (251, 252)]
[(34, 38), (39, 40), (42, 44), (45, 49), (50, 91), (92, 93), (96, 97), (98, 100), (177, 178), (201, 202), (206, 208), (230, 233), (234, 235), (243, 244), (245, 246), (248, 249), (250, 252)]
[(35, 37), (40, 44), (45, 92), (96, 97), (98, 99), (181, 182), (206, 209), (228, 229), (231, 233), (247, 250)]
[(32, 33), (34, 36), (37, 38), (39, 45), (46, 48), (49, 55), (56, 93), (94, 95), (96, 97), (98, 99), (178, 179), (202, 203), (204, 205), (206, 207), (208, 209), (229, 230), (231, 232), (244, 245), (247, 249), (251, 252)]
[(24, 25), (29, 30), (34, 36), (37, 40), (41, 89), (90, 91), (92, 95), (171, 172), (178, 179), (200, 201), (206, 207), (208, 213), (231, 232), (235, 236), (244, 245), (246, 247), (250, 251)]
[(24, 25), (26, 28), (29, 30), (31, 38), (39, 47), (48, 92), (93, 94), (105, 107), (171, 172), (178, 180), (186, 188), (201, 202), (206, 214), (231, 233), (238, 240), (244, 245), (246, 247), (251, 252)]
[(25, 31), (33, 34), (36, 39), (40, 93), (98, 99), (171, 172), (182, 183), (186, 187), (202, 203), (206, 214), (230, 232), (236, 238), (244, 246), (247, 248), (249, 250)]
[(24, 25), (27, 28), (29, 31), (32, 38), (39, 47), (48, 63), (64, 94), (95, 96), (181, 182), (183, 184), (203, 205), (207, 214), (231, 232), (234, 235), (237, 239), (244, 248), (249, 250)]
[(24, 25), (28, 38), (41, 43), (44, 93), (97, 98), (176, 177), (180, 182), (203, 204), (206, 207), (208, 212), (213, 214), (230, 233), (234, 235), (237, 239), (244, 245), (247, 248), (249, 250)]
[(24, 26), (31, 32), (33, 36), (37, 41), (42, 93), (97, 98), (101, 102), (171, 172), (178, 179), (202, 203), (205, 215), (230, 234), (244, 247)]
[(24, 25), (26, 29), (31, 32), (34, 35), (36, 37), (38, 41), (42, 46), (48, 57), (58, 93), (94, 96), (101, 102), (180, 181), (206, 216), (228, 229), (230, 232), (243, 244), (245, 246)]
[(24, 25), (27, 31), (32, 33), (34, 37), (41, 93), (95, 97), (99, 100), (103, 105), (108, 109), (196, 197), (201, 204), (205, 210), (211, 216), (228, 229), (230, 232), (234, 235), (242, 244), (245, 250)]
[(20, 21), (22, 23), (32, 33), (34, 35), (36, 37), (38, 40), (42, 87), (88, 89), (90, 96), (103, 105), (171, 172), (179, 180), (195, 197), (201, 202), (203, 218), (229, 233), (234, 235), (241, 243), (245, 247), (248, 250)]
[(26, 27), (28, 34), (35, 36), (37, 44), (45, 52), (53, 92), (93, 96), (99, 100), (103, 104), (169, 170), (178, 179), (202, 204), (205, 210), (211, 220), (223, 224), (229, 234), (245, 250)]
[(27, 28), (29, 30), (31, 33), (34, 35), (36, 38), (39, 41), (42, 43), (45, 50), (51, 94), (96, 97), (142, 143), (180, 181), (194, 195), (205, 206), (209, 222), (228, 229), (230, 233), (239, 240), (245, 250)]
[(24, 25), (35, 36), (37, 38), (39, 43), (44, 94), (193, 194), (197, 198), (202, 203), (206, 207), (209, 210), (211, 218), (219, 220), (222, 223), (229, 233), (245, 250)]
[(22, 25), (26, 28), (29, 30), (31, 32), (33, 34), (38, 47), (48, 91), (195, 200), (205, 208), (209, 210), (211, 215), (216, 220), (221, 223), (227, 228), (229, 235), (245, 250)]
[(14, 15), (21, 27), (28, 31), (35, 40), (41, 44), (45, 49), (50, 92), (95, 96), (178, 179), (188, 189), (197, 198), (199, 200), (206, 208), (210, 213), (216, 220), (226, 227), (229, 232), (233, 235)]
[(26, 27), (28, 29), (32, 33), (34, 35), (36, 90), (92, 93), (94, 95), (170, 172), (189, 190), (196, 198), (200, 201), (204, 205), (208, 209), (210, 219), (229, 231)]
[(23, 26), (32, 33), (34, 36), (37, 39), (40, 91), (92, 96), (171, 172), (194, 195), (208, 213), (216, 220), (225, 227), (229, 232)]
[(23, 26), (27, 38), (39, 48), (49, 95), (210, 211), (213, 215), (218, 221), (225, 226), (228, 232)]
[(18, 19), (23, 26), (27, 31), (32, 34), (35, 90), (91, 93), (101, 102), (193, 194), (209, 211), (213, 214), (215, 216), (220, 222), (227, 231)]
[(25, 26), (28, 31), (34, 37), (38, 92), (94, 95), (193, 194), (195, 196), (213, 214), (227, 231), (232, 233)]
[(30, 32), (33, 34), (35, 36), (37, 39), (40, 41), (42, 47), (48, 92), (179, 180), (181, 182), (191, 192), (211, 213), (214, 215), (216, 217), (218, 222), (226, 229)]
[(23, 24), (29, 35), (36, 41), (42, 91), (184, 187), (219, 230)]
[(20, 21), (23, 24), (28, 30), (31, 38), (39, 92), (94, 105), (187, 188), (207, 208), (218, 229)]
[(20, 21), (23, 24), (26, 29), (30, 36), (37, 39), (40, 94), (95, 96), (99, 106), (107, 108), (219, 229)]
[(18, 20), (23, 25), (28, 29), (30, 35), (36, 37), (38, 43), (44, 93), (94, 97), (98, 108), (160, 161), (169, 170), (217, 219), (220, 228)]
[(17, 18), (26, 27), (28, 29), (30, 36), (37, 38), (39, 94), (96, 99), (167, 168), (169, 171), (177, 178), (220, 226)]
[(17, 18), (26, 28), (29, 35), (36, 41), (42, 43), (45, 48), (49, 94), (99, 101), (102, 103), (167, 168), (175, 177), (178, 179), (220, 222)]
[(28, 30), (31, 32), (33, 34), (35, 36), (38, 96), (167, 168), (176, 177), (178, 179)]
[(26, 27), (28, 33), (34, 96), (103, 110), (166, 168), (175, 176), (177, 178)]
[(26, 27), (28, 35), (36, 40), (41, 96), (102, 108), (126, 127)]
[(28, 35), (36, 107), (161, 162), (164, 166), (168, 169), (174, 176), (177, 178)]
[(25, 26), (29, 30), (31, 35), (36, 37), (38, 110), (162, 163), (164, 165), (166, 167), (169, 172), (174, 178), (179, 180), (209, 211), (212, 213)]
[(25, 26), (28, 29), (30, 36), (37, 110), (172, 173), (175, 176), (177, 178)]
[(27, 33), (34, 35), (37, 111), (143, 144), (162, 167), (175, 177)]
[(23, 24), (25, 26), (29, 30), (32, 36), (37, 110), (149, 150), (162, 166), (167, 169), (173, 174), (175, 176), (177, 178)]
[(25, 36), (37, 51), (52, 106), (107, 108), (168, 170), (171, 174), (176, 177)]
[(23, 27), (28, 31), (33, 107), (163, 164), (165, 166), (167, 168), (169, 170), (172, 173), (176, 177)]
[(21, 22), (24, 25), (26, 28), (29, 103), (148, 149), (155, 156), (161, 162), (163, 168), (173, 176), (177, 179)]
[(28, 30), (31, 33), (34, 103), (106, 107), (110, 113), (114, 115), (156, 158), (160, 163), (164, 166), (169, 170), (171, 172), (175, 176), (178, 179)]
[(28, 29), (30, 103), (104, 105), (110, 112), (161, 163), (164, 167), (168, 170), (171, 172), (174, 177), (178, 180)]
[(27, 28), (31, 32), (33, 104), (156, 157), (160, 161), (163, 165), (167, 168), (171, 172), (178, 179), (192, 193)]
[(23, 24), (26, 32), (34, 38), (39, 105), (149, 150), (157, 158), (159, 160), (162, 163), (174, 175), (176, 178)]
[(23, 24), (27, 28), (30, 33), (34, 40), (41, 107), (149, 151), (154, 155), (156, 157), (162, 163), (168, 170), (172, 173)]
[(22, 23), (24, 25), (30, 104), (149, 151), (154, 158), (159, 161), (164, 165), (175, 177)]
[(24, 25), (27, 28), (29, 36), (37, 40), (41, 108), (154, 155), (156, 158), (159, 161), (163, 164), (166, 167), (169, 170), (173, 174), (176, 177), (178, 179)]
[(25, 26), (31, 44), (45, 116), (154, 155), (156, 158), (160, 161), (166, 167), (168, 170), (171, 173), (176, 177)]
[(23, 24), (26, 27), (31, 32), (33, 40), (41, 110), (113, 114), (154, 155), (156, 159), (162, 164), (172, 173), (239, 240)]
[(18, 19), (22, 23), (25, 27), (28, 34), (36, 47), (48, 108), (109, 111), (164, 165)]
[(25, 26), (31, 32), (33, 34), (36, 41), (42, 106), (107, 110), (170, 171), (174, 175), (241, 242)]
[(29, 90), (91, 93), (95, 97), (101, 105), (166, 167), (239, 240)]
[(21, 22), (31, 43), (44, 85), (86, 95), (96, 97), (111, 112), (114, 115), (238, 239)]
[(28, 82), (83, 89), (91, 92), (228, 229), (232, 233), (236, 237), (239, 240)]
[(24, 25), (27, 80), (81, 84), (85, 86), (87, 88), (89, 92), (218, 223), (233, 234), (237, 238)]
[(20, 21), (23, 24), (28, 78), (80, 85), (217, 224), (228, 229), (234, 235), (239, 240)]
[(27, 28), (29, 81), (215, 226), (231, 233), (237, 238)]
[(24, 25), (28, 75), (76, 80), (210, 211), (213, 228), (230, 231), (240, 241)]
[(26, 44), (45, 74), (76, 78), (210, 212), (214, 230), (238, 240)]
[(23, 25), (26, 28), (29, 38), (39, 72), (206, 207), (209, 213), (214, 232), (236, 237), (239, 240)]
[(26, 28), (29, 38), (39, 70), (209, 210), (211, 236), (244, 245)]
[(20, 22), (24, 26), (27, 68), (207, 208), (210, 232), (233, 235), (246, 247)]
[(18, 19), (22, 24), (25, 26), (28, 65), (206, 208), (209, 211), (212, 231), (236, 237), (240, 241), (249, 250)]
[(22, 36), (37, 64), (88, 89), (102, 103), (104, 114), (205, 206), (207, 208), (210, 233), (247, 248)]
[(20, 30), (31, 32), (33, 61), (82, 89), (90, 95), (96, 97), (101, 119), (203, 207), (209, 210), (211, 233), (235, 236), (238, 239), (246, 247)]
[(20, 59), (73, 74), (79, 82), (83, 96), (102, 125), (202, 203), (204, 206), (207, 234), (236, 237)]
[(22, 30), (31, 32), (33, 57), (68, 69), (70, 96), (102, 127), (131, 132), (201, 234), (236, 238), (241, 243)]
[(22, 27), (28, 55), (68, 96), (102, 130), (131, 135), (136, 137), (197, 234), (236, 237), (238, 239)]
[(11, 12), (23, 29), (30, 54), (64, 65), (66, 96), (102, 139), (196, 235), (236, 237), (239, 240)]
[(15, 17), (23, 24), (27, 35), (36, 52), (63, 96), (97, 98), (101, 140), (193, 196), (197, 238), (244, 247), (254, 255)]
[(15, 16), (23, 27), (29, 32), (33, 52), (61, 95), (97, 99), (100, 142), (191, 236), (239, 240), (250, 252)]
[(14, 15), (18, 19), (25, 26), (35, 51), (60, 95), (96, 98), (100, 143), (190, 191), (192, 235), (240, 241), (244, 245), (248, 249), (251, 252), (255, 256)]
[(30, 31), (32, 35), (36, 37), (38, 40), (41, 49), (60, 95), (96, 98), (103, 106), (107, 145), (188, 237), (240, 241), (246, 247), (250, 251), (252, 253)]
[(26, 27), (28, 29), (30, 46), (48, 49), (60, 94), (96, 98), (103, 106), (107, 145), (188, 236), (239, 240), (242, 243), (244, 246), (248, 250), (251, 252), (253, 254)]
[(29, 30), (32, 33), (34, 47), (59, 94), (96, 98), (103, 105), (107, 147), (188, 236), (239, 240), (241, 242), (246, 248), (252, 255)]
[(23, 46), (59, 94), (97, 98), (103, 105), (106, 135), (137, 149), (186, 238), (239, 240), (248, 251)]
[(22, 24), (25, 46), (59, 95), (97, 99), (103, 135), (137, 149), (185, 237), (239, 240), (241, 242), (244, 245), (246, 249), (255, 256)]
[(14, 15), (16, 17), (18, 19), (23, 27), (28, 44), (59, 95), (98, 100), (103, 125), (126, 136), (137, 151), (186, 237), (242, 244), (245, 246), (248, 250)]
[(17, 20), (21, 23), (24, 25), (26, 27), (28, 44), (58, 96), (99, 101), (102, 126), (127, 136), (137, 153), (184, 239), (251, 252)]
[(18, 19), (22, 24), (25, 43), (58, 98), (100, 154), (184, 238), (255, 256)]
[(18, 23), (25, 26), (27, 42), (57, 128), (129, 155), (182, 239), (240, 245), (246, 247), (249, 250), (252, 254)]
[(5, 6), (13, 15), (17, 18), (19, 24), (25, 42), (57, 128), (130, 137), (138, 155), (182, 239), (240, 245), (249, 251), (252, 253)]
[(16, 17), (18, 41), (56, 127), (132, 137), (138, 142), (144, 156), (182, 243), (244, 245)]
[(12, 13), (16, 18), (19, 22), (23, 41), (57, 126), (132, 137), (138, 142), (144, 156), (181, 240), (242, 243), (246, 247), (251, 252)]
[(11, 12), (17, 40), (51, 52), (56, 125), (133, 136), (138, 142), (144, 156), (180, 240), (242, 243), (244, 245), (248, 251), (252, 253), (254, 255)]
[(1, 2), (16, 18), (19, 40), (49, 50), (51, 52), (55, 125), (133, 135), (138, 141), (144, 156), (180, 239), (241, 242), (246, 247), (248, 249), (250, 254)]
[(18, 40), (57, 99), (107, 125), (132, 135), (138, 141), (143, 156), (164, 171), (181, 240), (241, 242), (245, 246), (251, 252)]
[(18, 39), (57, 96), (109, 115), (116, 125), (131, 135), (138, 142), (144, 156), (165, 177), (180, 240), (241, 244), (245, 246), (248, 249), (253, 254)]
[(9, 10), (19, 39), (57, 95), (101, 102), (107, 116), (117, 125), (131, 135), (138, 141), (143, 156), (165, 240), (241, 245)]
[(7, 8), (11, 13), (19, 39), (57, 93), (104, 125), (131, 135), (139, 141), (142, 155), (165, 241), (242, 243)]
[(9, 12), (18, 39), (57, 93), (101, 125), (130, 135), (138, 142), (143, 155), (166, 167), (168, 241), (242, 243), (244, 245), (246, 247), (253, 254)]
[(12, 13), (19, 39), (57, 93), (101, 125), (128, 135), (138, 155), (168, 240), (243, 244), (249, 251), (252, 253)]
[(16, 17), (19, 38), (57, 93), (98, 100), (101, 135), (138, 143), (144, 154), (168, 241), (242, 244), (246, 248)]
[(7, 8), (10, 11), (12, 13), (14, 17), (19, 38), (58, 94), (97, 100), (101, 135), (137, 153), (169, 245), (246, 248), (250, 251), (254, 255)]
[(15, 16), (17, 21), (22, 38), (58, 93), (97, 134), (137, 153), (168, 169), (171, 241), (242, 243), (245, 247), (248, 250), (251, 252)]
[(8, 10), (15, 17), (18, 38), (58, 94), (96, 99), (100, 133), (134, 152), (170, 241), (244, 245), (246, 247), (252, 253)]
[(8, 10), (11, 12), (14, 15), (16, 38), (58, 94), (96, 98), (100, 151), (170, 171), (172, 242), (243, 245), (246, 247), (248, 249)]
[(9, 11), (14, 38), (59, 94), (95, 98), (101, 152), (170, 242), (245, 247), (255, 256)]
[(6, 7), (8, 9), (13, 38), (59, 94), (95, 98), (103, 150), (171, 242), (243, 244), (250, 251), (254, 255)]
[(6, 7), (9, 11), (15, 38), (60, 94), (96, 98), (103, 149), (150, 151), (171, 242), (245, 247)]
[(10, 11), (14, 38), (60, 94), (96, 98), (103, 150), (171, 172), (173, 242), (244, 245), (246, 248)]
[(6, 7), (13, 38), (62, 94), (96, 98), (103, 147), (171, 174), (175, 242), (243, 244), (245, 247), (251, 252), (253, 254)]
[(9, 11), (12, 15), (16, 38), (63, 94), (96, 98), (102, 106), (107, 146), (173, 242), (245, 246), (250, 251)]
[(7, 8), (10, 11), (16, 38), (64, 94), (102, 146), (173, 175), (176, 242), (243, 244), (246, 247), (248, 250), (254, 255)]
[(5, 7), (8, 11), (13, 38), (65, 66), (67, 94), (102, 145), (172, 244), (245, 249), (253, 254)]
[(4, 5), (9, 12), (14, 38), (65, 67), (69, 95), (102, 144), (172, 243), (244, 250), (252, 253)]
[(6, 7), (8, 10), (11, 12), (13, 38), (68, 70), (71, 72), (73, 95), (101, 141), (142, 143), (172, 245), (246, 248), (252, 253)]
[(7, 10), (12, 39), (71, 72), (73, 94), (101, 141), (173, 244), (245, 247), (251, 252)]
[(10, 18), (19, 39), (74, 75), (77, 93), (101, 136), (137, 140), (142, 143), (170, 171), (173, 246)]
[(6, 9), (10, 12), (13, 39), (75, 93), (101, 125), (128, 135), (136, 137), (138, 139), (171, 172), (173, 241), (242, 245)]
[(8, 9), (11, 20), (21, 39), (76, 77), (78, 93), (100, 126), (128, 132), (133, 134), (168, 169), (171, 240), (241, 244)]
[(6, 9), (12, 14), (15, 39), (79, 93), (100, 124), (129, 131), (132, 134), (168, 169), (170, 240), (242, 244)]
[(7, 8), (11, 40), (80, 81), (82, 93), (98, 122), (123, 124), (130, 131), (132, 133), (135, 136), (166, 169), (170, 240), (241, 243)]
[(6, 8), (9, 10), (11, 40), (80, 92), (99, 121), (169, 242)]
[(6, 7), (11, 40), (80, 91), (93, 94), (97, 119), (166, 167), (169, 174), (175, 237), (238, 239), (240, 241), (247, 248)]
[(6, 8), (10, 40), (80, 83), (85, 87), (88, 90), (97, 98), (99, 115), (165, 167), (168, 241), (245, 246)]
[(0, 2), (3, 4), (6, 7), (8, 41), (83, 84), (100, 108), (109, 110), (165, 166), (168, 169), (170, 240), (245, 246)]
[(3, 6), (7, 42), (100, 101), (167, 236), (238, 239), (244, 245)]
[(2, 5), (6, 17), (18, 43), (170, 177), (178, 236), (237, 239), (242, 245)]
[(0, 2), (3, 43), (168, 169), (171, 235), (236, 238), (242, 244)]
[(2, 43), (169, 171), (172, 179), (180, 235), (236, 238), (242, 243)]
[(1, 2), (3, 4), (5, 15), (16, 44), (172, 173), (174, 179), (180, 233), (235, 238), (241, 242)]
[(3, 4), (6, 45), (174, 236)]
[(2, 5), (6, 8), (9, 46), (176, 178), (181, 215), (216, 233), (236, 237)]
[(2, 47), (178, 181), (183, 208), (209, 211), (213, 215), (216, 231), (232, 233)]
[(2, 4), (5, 48), (183, 184), (186, 192), (193, 194), (195, 196), (198, 204), (207, 215), (216, 232)]
[(2, 3), (6, 49), (185, 189), (196, 197), (199, 201), (207, 212), (215, 216), (217, 218), (219, 230), (231, 232)]
[(3, 4), (6, 50), (187, 188), (196, 200), (209, 212), (213, 214), (218, 222), (223, 224), (225, 229), (230, 231)]
[(5, 51), (190, 191), (196, 199), (203, 204), (209, 212), (213, 214), (217, 231)]
[(2, 4), (6, 52), (195, 196), (197, 201), (202, 203), (205, 209), (210, 214), (218, 223), (224, 228), (229, 230)]
[(2, 5), (6, 53), (199, 200), (201, 202), (203, 204), (206, 209), (211, 212), (216, 219), (220, 221), (222, 230)]
[(0, 1), (3, 5), (6, 55), (193, 194), (195, 196), (218, 219), (220, 222), (224, 229)]
[(0, 1), (4, 5), (6, 8), (9, 56), (188, 189), (193, 194), (205, 206), (208, 209), (211, 212), (213, 214), (217, 229)]
[(0, 1), (2, 9), (11, 57), (192, 195), (206, 209), (210, 212), (213, 214), (216, 217), (219, 228)]
[(3, 59), (192, 194), (197, 198), (199, 200), (202, 206), (208, 209), (210, 211), (215, 218), (219, 228)]
[(1, 2), (3, 61), (188, 197), (198, 205), (215, 219), (221, 226)]
[(3, 63), (182, 183), (184, 185), (186, 187), (188, 189), (191, 200), (201, 205), (206, 210), (214, 227)]
[(1, 2), (3, 65), (185, 187), (188, 193), (195, 196), (197, 200), (201, 203), (205, 208), (213, 219), (220, 226)]
[(3, 9), (10, 68), (193, 194), (213, 226)]
[(4, 70), (212, 214), (215, 218), (219, 226), (231, 232)]
[(0, 1), (2, 73), (191, 192), (193, 194), (211, 225), (231, 232), (249, 250), (252, 253), (254, 255)]
[(2, 76), (179, 182), (184, 185), (188, 189), (191, 193), (211, 213), (214, 216), (217, 224), (230, 231), (247, 249), (250, 253)]
[(2, 10), (11, 81), (179, 180), (211, 224), (243, 245), (247, 251)]
[(4, 88), (210, 224), (229, 230), (246, 249)]
[(1, 2), (3, 94), (97, 98), (210, 224), (244, 248)]
[(0, 2), (3, 5), (6, 93), (97, 99), (101, 106), (108, 109), (209, 210), (212, 224), (228, 229), (243, 244), (254, 255)]
[(3, 86), (87, 90), (92, 94), (97, 98), (99, 102), (104, 105), (110, 111), (112, 119), (209, 211), (212, 223), (228, 229), (241, 243)]
[(3, 85), (86, 92), (98, 102), (103, 107), (109, 111), (112, 114), (115, 118), (119, 120), (209, 210), (212, 222), (228, 229), (239, 240)]
[(3, 6), (7, 87), (88, 90), (95, 97), (98, 100), (105, 106), (111, 114), (115, 118), (119, 120), (132, 133), (208, 210), (211, 222), (228, 229), (253, 254)]
[(0, 2), (3, 4), (5, 88), (94, 97), (98, 100), (109, 114), (115, 120), (132, 134), (208, 209), (211, 221), (246, 247)]
[(0, 1), (2, 87), (88, 96), (98, 99), (101, 102), (103, 106), (110, 111), (112, 114), (115, 118), (119, 121), (125, 126), (130, 131), (133, 135), (137, 138), (139, 140), (143, 144), (145, 147), (148, 150), (207, 210), (211, 214), (215, 221)]
[(1, 88), (89, 92), (95, 98), (100, 101), (104, 105), (106, 107), (108, 111), (112, 119), (124, 125), (134, 135), (139, 141), (143, 144), (145, 146), (148, 149), (152, 155), (156, 158), (159, 160), (205, 206), (207, 208), (209, 210), (211, 214), (215, 222), (244, 245), (255, 256)]
[(2, 9), (10, 21), (22, 94), (97, 99), (104, 105), (106, 107), (108, 109), (110, 119), (124, 125), (126, 127), (130, 133), (136, 138), (141, 142), (143, 144), (145, 146), (147, 150), (151, 154), (155, 160), (166, 167), (168, 169), (203, 210), (212, 220), (255, 256)]
[(1, 95), (96, 99), (100, 101), (103, 106), (107, 109), (111, 112), (113, 114), (115, 119), (125, 126), (134, 135), (139, 140), (142, 143), (146, 147), (148, 152), (154, 156), (158, 160), (161, 162), (163, 164), (167, 168), (203, 208), (209, 210), (211, 214), (215, 220), (244, 245), (254, 256)]
[(2, 9), (10, 94), (95, 96), (97, 100), (101, 104), (108, 112), (115, 119), (124, 125), (132, 133), (135, 137), (138, 139), (147, 154), (155, 156), (159, 161), (163, 164), (165, 167), (172, 173), (201, 202), (203, 207), (208, 209), (211, 219), (253, 256)]
[(1, 97), (99, 101), (104, 106), (107, 112), (113, 119), (130, 133), (134, 138), (148, 151), (152, 154), (155, 157), (158, 161), (166, 170), (171, 173), (202, 203), (204, 209), (211, 220), (253, 256)]
[(3, 94), (96, 99), (100, 101), (102, 103), (105, 112), (113, 120), (121, 122), (131, 132), (136, 142), (145, 148), (149, 153), (155, 156), (157, 160), (164, 165), (168, 169), (170, 173), (196, 198), (199, 200), (204, 207), (208, 214), (215, 219), (220, 221), (252, 256)]
[(3, 98), (99, 102), (104, 106), (107, 109), (110, 120), (126, 127), (128, 129), (132, 133), (137, 139), (140, 143), (144, 145), (151, 156), (161, 162), (164, 168), (169, 174), (203, 206), (207, 208), (210, 219), (239, 240), (251, 255)]
[(1, 102), (104, 121), (122, 123), (127, 128), (131, 132), (136, 140), (143, 144), (148, 150), (152, 155), (163, 164), (169, 175), (204, 207), (210, 218), (251, 255)]
[(2, 113), (114, 121), (122, 123), (137, 142), (144, 149), (150, 152), (153, 154), (155, 156), (160, 161), (163, 164), (165, 166), (167, 169), (170, 174), (185, 186), (203, 207), (210, 218), (221, 222), (251, 253), (255, 256)]
[(2, 121), (122, 123), (137, 141), (144, 145), (148, 149), (150, 152), (154, 155), (157, 158), (160, 161), (162, 166), (168, 175), (187, 188), (202, 203), (204, 206), (210, 213), (214, 218), (250, 256)]
[(0, 121), (122, 125), (132, 133), (135, 136), (146, 155), (157, 158), (161, 162), (163, 166), (167, 174), (175, 176), (188, 189), (204, 205), (206, 207), (209, 212), (214, 218), (220, 221), (251, 252), (254, 255)]
[(0, 112), (113, 123), (125, 126), (130, 131), (134, 137), (138, 142), (143, 144), (145, 146), (147, 154), (155, 156), (161, 163), (168, 175), (180, 181), (186, 189), (204, 206), (210, 213), (215, 218), (249, 250), (251, 252)]
[(1, 113), (114, 124), (125, 126), (127, 128), (131, 133), (141, 142), (143, 145), (146, 155), (156, 157), (158, 159), (161, 163), (164, 165), (167, 175), (188, 189), (204, 206), (210, 213), (214, 218), (219, 220), (249, 250)]
[(0, 101), (102, 111), (114, 121), (122, 124), (129, 130), (137, 138), (140, 141), (143, 147), (148, 155), (156, 164), (165, 174), (182, 183), (185, 187), (188, 189), (190, 191), (206, 207), (210, 213), (214, 217), (255, 256)]
[(1, 103), (104, 111), (112, 113), (114, 124), (125, 126), (127, 128), (131, 135), (137, 139), (140, 142), (146, 157), (158, 160), (161, 163), (164, 174), (181, 182), (187, 189), (191, 192), (210, 213), (214, 216), (253, 254), (255, 256)]
[(1, 113), (115, 121), (122, 123), (124, 125), (127, 128), (129, 130), (131, 133), (137, 138), (140, 142), (144, 166), (168, 175), (181, 182), (187, 191), (195, 196), (200, 201), (211, 212), (215, 216), (251, 252), (255, 256)]
[(1, 112), (113, 123), (124, 125), (127, 128), (132, 134), (136, 138), (145, 157), (158, 166), (168, 176), (180, 183), (186, 191), (192, 193), (255, 256)]
[(0, 113), (114, 121), (122, 126), (127, 130), (131, 132), (140, 141), (144, 145), (146, 156), (157, 159), (161, 167), (168, 174), (185, 186), (187, 193), (194, 195), (198, 199), (251, 253)]
[(0, 111), (113, 122), (124, 125), (127, 129), (130, 131), (138, 139), (140, 146), (148, 159), (161, 167), (168, 176), (188, 195), (248, 249)]
[(0, 100), (101, 112), (113, 128), (131, 132), (140, 141), (142, 143), (144, 145), (146, 156), (157, 159), (160, 161), (162, 165), (166, 176), (186, 194), (195, 196), (198, 199)]
[(0, 100), (101, 112), (115, 128), (130, 131), (133, 134), (135, 136), (137, 150), (152, 157), (161, 176), (180, 181), (183, 185), (186, 194), (195, 196), (198, 199), (201, 203), (249, 250)]
[(0, 96), (97, 99), (101, 122), (124, 126), (135, 136), (139, 143), (146, 148), (151, 158), (159, 160), (161, 167), (168, 183), (184, 196), (198, 200), (201, 203), (253, 254)]
[(0, 100), (101, 112), (114, 127), (130, 133), (134, 135), (137, 138), (139, 143), (144, 145), (148, 149), (151, 156), (158, 159), (163, 182), (185, 198), (199, 202), (203, 207)]
[(0, 112), (113, 127), (128, 130), (131, 132), (133, 134), (135, 137), (138, 143), (146, 151), (152, 156), (157, 159), (162, 163), (165, 179), (180, 182), (185, 208), (213, 214)]
[(0, 112), (113, 124), (125, 126), (127, 131), (132, 133), (135, 136), (138, 142), (143, 147), (149, 156), (157, 159), (160, 161), (162, 167), (168, 179), (185, 208)]
[(2, 126), (127, 131), (133, 136), (137, 143), (144, 147), (149, 156), (157, 159), (161, 164), (165, 180), (185, 209)]
[(0, 111), (113, 143), (146, 148), (149, 153), (154, 158), (159, 161), (162, 165), (169, 179), (185, 206), (207, 210)]
[(0, 132), (133, 134), (136, 150), (152, 157), (158, 159), (160, 164), (165, 179), (180, 181), (184, 204), (205, 209)]
[(0, 126), (127, 135), (136, 141), (144, 145), (148, 153), (154, 155), (156, 157), (158, 159), (160, 161), (163, 165), (166, 178), (185, 210)]
[(0, 133), (135, 146), (148, 151), (152, 155), (156, 158), (159, 166), (167, 177), (185, 212)]
[(1, 135), (137, 139), (140, 144), (146, 155), (158, 160), (161, 163), (164, 177), (185, 214)]
[(0, 139), (140, 146), (147, 158), (159, 161), (164, 178), (185, 213)]
[(0, 141), (142, 143), (144, 162), (163, 178), (179, 180), (184, 213)]
[(0, 151), (152, 160), (161, 180), (184, 215)]
[(0, 155), (156, 157), (159, 160), (161, 164), (165, 214), (240, 241)]
[(0, 144), (146, 147), (148, 156), (157, 161), (162, 164), (166, 214)]
[(0, 131), (132, 147), (148, 156), (157, 160), (162, 163), (165, 215), (220, 221)]
[(0, 130), (132, 148), (149, 161), (162, 164), (165, 215), (217, 220), (221, 222)]
[(0, 1), (2, 146), (147, 161), (164, 166), (167, 214), (216, 219), (220, 221), (222, 224)]
[(0, 130), (131, 161), (162, 163), (164, 165), (166, 214), (215, 226)]
[(0, 130), (131, 146), (147, 148), (149, 150), (151, 152), (154, 155), (156, 157), (158, 159), (160, 164), (166, 167), (168, 223), (224, 227)]
[(0, 143), (144, 148), (149, 153), (154, 156), (157, 158), (159, 161), (162, 165), (167, 215), (216, 217), (218, 219), (220, 226), (227, 229), (231, 232)]
[(0, 143), (144, 147), (148, 152), (154, 159), (160, 161), (162, 164), (165, 218), (220, 222), (225, 227), (229, 231)]
[(0, 142), (143, 153), (155, 157), (159, 161), (165, 217), (218, 222), (223, 225), (226, 233), (234, 235), (239, 240)]
[(0, 145), (147, 153), (154, 158), (159, 160), (161, 167), (168, 218), (219, 225), (226, 237)]
[(0, 144), (145, 153), (154, 158), (159, 160), (161, 218), (219, 221), (223, 225), (226, 239)]
[(0, 143), (144, 217), (223, 224), (225, 226), (228, 240), (241, 243), (244, 245)]
[(0, 146), (147, 165), (166, 220), (222, 227), (228, 235), (236, 242), (244, 245)]
[(0, 218), (219, 220), (221, 222), (223, 227), (228, 244), (247, 251)]
[(0, 145), (146, 159), (161, 165), (166, 217), (220, 221), (223, 224), (225, 244), (247, 249), (250, 252), (253, 254)]
[(0, 165), (166, 217), (218, 220), (222, 227), (228, 240), (242, 243), (247, 251), (252, 256)]
[(0, 163), (164, 165), (167, 221), (224, 230), (231, 242), (247, 249), (250, 251), (252, 256)]
[(0, 140), (141, 143), (144, 222), (224, 230), (231, 242), (244, 245), (246, 256)]
[(0, 152), (153, 221), (222, 224), (225, 229), (231, 251), (252, 256)]
[(0, 136), (137, 140), (142, 163), (164, 224), (225, 229), (231, 244), (245, 248), (250, 256)]
[(0, 133), (134, 165), (166, 223), (224, 230), (231, 244), (247, 248), (250, 256)]
[(0, 125), (126, 138), (139, 163), (164, 168), (169, 223), (224, 225), (226, 230), (231, 241), (242, 244), (246, 248), (251, 254), (255, 256)]
[(0, 136), (137, 151), (152, 224), (226, 230), (232, 236), (237, 241), (247, 256)]
[(0, 136), (137, 151), (152, 161), (162, 225), (226, 231), (232, 242), (243, 245), (247, 256)]
[(0, 135), (136, 149), (150, 161), (162, 167), (168, 232), (234, 235), (236, 237), (238, 241), (244, 245), (248, 250), (251, 256)]
[(0, 140), (141, 161), (162, 226), (228, 232), (233, 241), (243, 246), (248, 256)]
[(0, 133), (134, 166), (167, 227), (228, 246), (248, 249), (250, 256)]
[(0, 155), (156, 227), (228, 233), (234, 239), (240, 245), (246, 247), (248, 249), (250, 251), (253, 255)]
[(0, 152), (153, 155), (156, 229), (230, 247), (250, 255)]
[(0, 229), (230, 247), (248, 251), (252, 253), (254, 255)]
[(0, 138), (139, 152), (153, 249), (250, 251), (252, 254), (255, 256)]
[(0, 133), (134, 180), (181, 230), (231, 248), (249, 253), (254, 255)]
[(0, 176), (177, 181), (183, 232), (234, 248), (249, 250), (251, 252)]
[(1, 122), (123, 130), (131, 141), (142, 150), (151, 154), (157, 159), (161, 177), (179, 181), (182, 187), (188, 193), (199, 202), (204, 226), (227, 231), (237, 238), (242, 243), (245, 247)]
[(13, 15), (17, 18), (19, 23), (24, 110), (112, 113), (115, 117), (118, 122), (128, 129), (134, 136), (173, 174), (213, 214), (218, 219), (221, 225)]
[(58, 61), (65, 67), (68, 79), (82, 83)]
[]
