(256, 256)
[(170, 173), (194, 195), (203, 204), (205, 206), (228, 249)]
[(170, 200), (228, 250), (253, 254)]
[(165, 166), (167, 168), (169, 199), (200, 201), (227, 228), (230, 250)]
[(93, 94), (97, 98), (162, 163), (165, 166), (167, 168), (169, 202), (226, 250), (252, 253)]
[(145, 146), (148, 153), (163, 166), (167, 169), (170, 201), (228, 249), (251, 252), (253, 256)]
[(133, 134), (144, 145), (148, 149), (165, 201), (226, 227), (228, 248), (250, 252), (255, 256)]
[(58, 60), (69, 71), (131, 132), (168, 203), (229, 252), (255, 256)]
[(127, 136), (163, 168), (169, 203), (204, 205), (222, 223), (229, 251), (252, 255)]
[(30, 32), (59, 60), (131, 141), (164, 165), (167, 203), (204, 205), (216, 217), (228, 250), (251, 256)]
[(29, 30), (137, 144), (154, 155), (162, 163), (165, 167), (168, 170), (171, 204), (205, 206), (229, 249), (251, 254), (255, 256)]
[(5, 6), (26, 29), (140, 142), (144, 148), (163, 164), (165, 179), (180, 183), (184, 203), (204, 206), (222, 223), (225, 226), (228, 251), (252, 253), (255, 256)]
[(5, 6), (106, 107), (126, 128), (139, 140), (144, 146), (147, 153), (163, 167), (168, 175), (177, 180), (182, 185), (186, 206), (226, 227), (229, 256)]
[(150, 160), (164, 166), (168, 178), (179, 207), (214, 215), (228, 251), (252, 255)]
[(101, 102), (131, 132), (138, 139), (155, 169), (171, 193), (194, 208), (225, 226), (227, 255)]
[(146, 148), (159, 210), (227, 228), (229, 248), (249, 250), (252, 253), (254, 255)]
[(132, 133), (162, 164), (166, 178), (179, 208), (209, 210), (228, 244), (246, 250)]
[(123, 125), (126, 128), (133, 134), (149, 150), (161, 180), (181, 187), (190, 207), (208, 210), (222, 223), (228, 250), (251, 252)]
[(58, 59), (117, 121), (133, 135), (159, 179), (183, 185), (187, 188), (190, 211), (218, 219), (228, 251), (254, 255)]
[(120, 121), (125, 126), (150, 151), (152, 161), (165, 167), (171, 177), (178, 182), (186, 187), (188, 209), (210, 217), (218, 219), (220, 222), (228, 251)]
[(66, 67), (118, 119), (129, 130), (135, 136), (139, 141), (146, 164), (170, 176), (178, 179), (182, 183), (186, 187), (188, 222), (229, 249)]
[(42, 43), (67, 68), (119, 121), (122, 123), (127, 128), (142, 149), (150, 157), (158, 161), (168, 170), (171, 173), (174, 175), (176, 181), (182, 207), (209, 219), (223, 251), (255, 256)]
[(117, 119), (146, 147), (148, 152), (158, 159), (164, 213), (214, 217), (218, 220), (227, 251), (254, 256)]
[(49, 50), (138, 140), (144, 150), (161, 163), (166, 167), (168, 169), (170, 176), (178, 182), (184, 220), (224, 225), (228, 251), (254, 256)]
[(132, 133), (134, 135), (138, 139), (142, 143), (147, 153), (155, 166), (167, 169), (170, 171), (175, 179), (180, 182), (184, 221), (228, 249), (250, 251), (253, 256)]
[(19, 20), (25, 26), (132, 134), (138, 139), (140, 141), (144, 172), (174, 175), (177, 184), (185, 186), (187, 219), (226, 227), (228, 249), (252, 255)]
[(19, 25), (34, 35), (134, 135), (137, 138), (139, 140), (142, 174), (175, 180), (188, 220), (224, 250), (251, 254), (255, 256)]
[(30, 31), (40, 41), (92, 94), (116, 117), (123, 124), (129, 130), (131, 132), (133, 134), (145, 146), (150, 180), (183, 184), (193, 209), (211, 212), (215, 217), (218, 222), (223, 248), (251, 256)]
[(60, 61), (68, 70), (94, 96), (127, 129), (133, 135), (137, 138), (143, 144), (147, 148), (149, 151), (156, 189), (202, 225), (226, 248), (250, 254), (255, 256)]
[(15, 16), (23, 24), (72, 73), (116, 117), (118, 119), (121, 122), (126, 128), (132, 133), (146, 147), (148, 149), (153, 154), (155, 156), (160, 191), (195, 224), (225, 247), (250, 254), (255, 256)]
[(26, 27), (97, 98), (115, 117), (118, 119), (125, 126), (129, 130), (131, 133), (134, 137), (150, 151), (153, 154), (156, 157), (162, 185), (186, 192), (194, 221), (222, 247), (249, 252), (253, 256)]
[(20, 21), (73, 74), (116, 119), (132, 136), (137, 140), (142, 143), (146, 147), (148, 149), (150, 151), (152, 153), (155, 159), (163, 221), (222, 223), (224, 246), (248, 251), (252, 256)]
[(34, 35), (61, 62), (119, 121), (126, 127), (131, 133), (135, 137), (138, 139), (140, 141), (146, 149), (150, 152), (161, 170), (173, 240), (241, 246), (248, 256)]
[(116, 120), (134, 137), (138, 139), (141, 142), (157, 171), (172, 245), (246, 251), (252, 253), (254, 256)]
[(35, 36), (39, 40), (68, 69), (120, 121), (127, 128), (129, 130), (157, 245), (246, 256)]
[(36, 37), (118, 119), (121, 122), (125, 126), (154, 243), (244, 245), (246, 256)]
[(16, 17), (118, 119), (123, 124), (138, 141), (142, 143), (144, 244), (245, 256)]
[(138, 142), (143, 144), (145, 219), (220, 243), (245, 256)]
[(126, 127), (129, 130), (131, 133), (134, 135), (136, 152), (154, 172), (179, 222), (223, 225), (226, 236), (237, 243), (244, 255)]
[(23, 24), (123, 124), (127, 128), (133, 136), (145, 149), (150, 151), (154, 169), (191, 192), (195, 243), (244, 256)]
[(120, 122), (127, 132), (149, 162), (165, 171), (194, 227), (228, 237), (238, 250), (251, 256)]
[(84, 85), (89, 90), (126, 127), (142, 143), (144, 145), (148, 149), (150, 151), (152, 153), (168, 178), (194, 239), (240, 256)]
[(123, 124), (146, 150), (176, 180), (195, 240), (241, 244), (245, 256)]
[(13, 14), (15, 16), (116, 117), (119, 121), (143, 147), (184, 185), (189, 192), (193, 225), (226, 253), (254, 255)]
[(10, 11), (111, 112), (113, 115), (137, 138), (139, 143), (179, 182), (187, 240), (241, 251), (252, 255)]
[(109, 116), (130, 131), (135, 140), (158, 159), (177, 240), (241, 255)]
[(131, 132), (133, 134), (165, 170), (172, 173), (174, 238), (239, 252), (254, 256)]
[(129, 132), (167, 176), (177, 252), (254, 255)]
[(30, 31), (32, 35), (37, 39), (86, 88), (89, 90), (127, 129), (148, 150), (171, 215), (216, 218), (222, 224), (225, 239), (240, 254)]
[(26, 31), (32, 33), (124, 126), (130, 131), (140, 142), (165, 216), (222, 255)]
[(124, 125), (126, 133), (136, 138), (143, 145), (149, 154), (158, 179), (181, 214), (222, 251), (252, 253), (254, 256)]
[(67, 68), (74, 75), (94, 95), (122, 144), (146, 155), (157, 179), (180, 217), (219, 250), (251, 253)]
[(52, 53), (104, 106), (124, 159), (160, 161), (162, 200), (201, 219), (222, 249), (250, 251), (253, 254)]
[(8, 9), (117, 137), (145, 152), (153, 156), (168, 174), (175, 178), (179, 200), (202, 220), (222, 237), (238, 251), (253, 256)]
[(116, 117), (118, 122), (125, 130), (147, 150), (170, 171), (172, 177), (180, 184), (186, 212), (213, 221), (222, 225), (226, 249), (251, 252), (253, 254)]
[(61, 62), (84, 85), (124, 128), (141, 142), (146, 147), (148, 151), (152, 154), (174, 178), (180, 228), (229, 252), (254, 256)]
[(21, 22), (28, 29), (49, 50), (80, 81), (111, 112), (125, 126), (146, 152), (153, 158), (173, 230), (231, 251), (253, 254)]
[(17, 18), (29, 30), (75, 76), (106, 109), (113, 114), (115, 117), (123, 124), (148, 156), (171, 175), (176, 230), (231, 232), (233, 251)]
[(19, 20), (33, 37), (51, 52), (92, 93), (104, 108), (110, 116), (127, 128), (129, 130), (134, 135), (148, 164), (170, 193), (202, 211), (221, 225), (226, 228), (234, 250), (251, 252), (253, 256)]
[(12, 13), (39, 41), (101, 105), (106, 111), (112, 116), (120, 125), (126, 127), (134, 137), (146, 148), (149, 151), (153, 154), (156, 158), (159, 160), (168, 171), (173, 181), (185, 187), (189, 192), (193, 194), (200, 201), (203, 205), (206, 214), (215, 227), (229, 230), (234, 235), (236, 250), (251, 253), (254, 256)]
[(44, 46), (47, 48), (49, 50), (98, 104), (107, 109), (110, 114), (118, 119), (121, 122), (131, 132), (143, 144), (146, 150), (154, 167), (173, 177), (185, 189), (191, 193), (200, 202), (205, 226), (227, 228), (235, 244), (245, 252), (253, 255)]
[(22, 23), (77, 78), (81, 82), (97, 103), (105, 107), (109, 112), (116, 117), (118, 119), (121, 125), (130, 132), (134, 135), (148, 150), (151, 159), (161, 165), (172, 175), (179, 183), (185, 195), (196, 197), (199, 201), (203, 204), (205, 206), (208, 213), (214, 218), (219, 226), (227, 228), (236, 251), (255, 256)]
[(97, 98), (99, 106), (122, 127), (131, 133), (140, 145), (146, 148), (150, 153), (157, 161), (169, 179), (180, 197), (200, 203), (204, 205), (206, 225), (227, 228), (229, 230), (236, 251), (252, 253), (254, 256)]
[(33, 35), (36, 38), (56, 57), (63, 64), (80, 81), (88, 89), (97, 101), (125, 127), (129, 130), (136, 137), (138, 144), (145, 159), (167, 194), (195, 219), (220, 225), (226, 227), (235, 251), (254, 255)]
[(8, 9), (11, 13), (54, 55), (56, 57), (59, 60), (61, 63), (80, 84), (98, 100), (114, 115), (117, 118), (135, 141), (142, 144), (147, 148), (152, 155), (157, 158), (164, 198), (199, 214), (219, 220), (221, 226), (235, 243), (245, 252), (254, 255)]
[(7, 9), (22, 23), (28, 29), (49, 52), (79, 80), (81, 82), (85, 86), (102, 103), (110, 111), (119, 121), (122, 123), (134, 136), (137, 139), (141, 143), (144, 150), (160, 200), (201, 202), (203, 217), (218, 226), (235, 251), (252, 253), (254, 255)]
[(6, 8), (9, 10), (73, 74), (77, 78), (80, 81), (96, 98), (99, 102), (122, 124), (128, 131), (134, 149), (158, 197), (200, 202), (205, 206), (210, 222), (223, 225), (226, 227), (236, 243), (245, 250), (254, 256)]
[(14, 15), (21, 22), (76, 77), (111, 112), (130, 133), (134, 143), (144, 148), (156, 161), (163, 178), (179, 184), (185, 194), (195, 200), (201, 203), (206, 207), (209, 214), (216, 217), (220, 226), (229, 230), (234, 235), (236, 250), (254, 256)]
[(12, 13), (60, 62), (66, 67), (68, 70), (106, 108), (110, 111), (114, 115), (118, 120), (121, 122), (127, 128), (129, 130), (131, 148), (152, 154), (155, 185), (186, 189), (192, 194), (195, 199), (200, 205), (209, 218), (220, 226), (234, 256)]
[(50, 52), (53, 55), (67, 68), (102, 104), (116, 117), (125, 127), (129, 131), (132, 143), (146, 147), (152, 153), (154, 175), (179, 180), (187, 193), (194, 195), (197, 201), (202, 203), (207, 226), (236, 251), (253, 255)]
[(12, 13), (46, 49), (60, 61), (87, 88), (101, 104), (106, 107), (111, 112), (121, 122), (124, 125), (126, 138), (140, 143), (151, 176), (186, 194), (195, 198), (199, 226), (232, 234), (236, 252)]
[(8, 10), (14, 16), (20, 22), (24, 25), (39, 43), (45, 46), (54, 56), (63, 64), (114, 116), (121, 122), (124, 128), (129, 133), (134, 136), (141, 142), (143, 144), (145, 146), (150, 168), (183, 217), (218, 227), (233, 234), (236, 250), (251, 252)]
[(7, 8), (22, 30), (35, 36), (49, 50), (51, 53), (58, 59), (62, 65), (66, 69), (82, 83), (85, 88), (117, 120), (121, 122), (124, 137), (138, 140), (145, 146), (148, 150), (151, 153), (154, 156), (159, 161), (163, 164), (167, 168), (179, 180), (184, 210), (211, 215), (217, 218), (219, 227), (233, 234), (236, 251), (254, 256)]
[(41, 43), (52, 58), (59, 60), (61, 62), (63, 65), (66, 68), (85, 87), (109, 111), (115, 117), (120, 125), (126, 128), (130, 137), (143, 147), (150, 152), (154, 157), (158, 163), (171, 173), (180, 227), (236, 250), (253, 255)]
[(14, 17), (22, 23), (32, 33), (38, 39), (50, 51), (53, 54), (59, 60), (61, 62), (94, 95), (110, 111), (112, 115), (123, 124), (126, 127), (133, 134), (140, 144), (145, 146), (147, 149), (157, 159), (170, 213), (216, 217), (218, 228), (232, 233), (236, 243), (244, 251), (255, 256)]
[(34, 36), (39, 40), (47, 49), (104, 105), (106, 108), (111, 112), (113, 114), (137, 138), (139, 145), (146, 148), (151, 153), (163, 183), (184, 211), (212, 215), (220, 228), (232, 233), (236, 243), (244, 251)]
[(29, 30), (37, 38), (48, 50), (61, 68), (114, 115), (122, 124), (125, 127), (136, 144), (145, 146), (155, 156), (162, 164), (166, 167), (172, 211), (212, 214), (215, 217), (221, 227), (230, 231), (236, 245), (246, 251), (255, 256)]
[(18, 19), (29, 30), (47, 48), (49, 50), (62, 67), (90, 91), (115, 116), (123, 124), (133, 141), (143, 157), (158, 161), (162, 168), (169, 171), (172, 213), (216, 217), (220, 228), (231, 232), (237, 245), (246, 253), (254, 256)]
[(21, 22), (31, 32), (38, 39), (48, 49), (52, 58), (80, 81), (88, 89), (105, 106), (115, 116), (125, 127), (131, 138), (139, 157), (159, 212), (219, 228), (230, 232), (236, 251), (254, 255)]
[(29, 31), (38, 41), (94, 96), (97, 98), (105, 106), (112, 114), (115, 116), (117, 118), (124, 125), (128, 138), (144, 149), (150, 153), (154, 158), (160, 213), (214, 215), (217, 229), (230, 232), (237, 240), (241, 244), (245, 250), (254, 256)]
[(15, 16), (19, 20), (32, 33), (75, 76), (86, 87), (96, 98), (100, 101), (117, 118), (126, 127), (128, 138), (141, 142), (144, 149), (150, 151), (155, 213), (216, 218), (219, 229), (237, 244), (246, 251), (253, 255)]
[(10, 11), (31, 32), (94, 95), (96, 97), (110, 111), (115, 118), (120, 121), (125, 135), (136, 137), (139, 142), (144, 145), (146, 148), (150, 168), (169, 215), (216, 231), (236, 240), (241, 245), (246, 251), (254, 256)]
[(84, 87), (109, 110), (111, 114), (118, 121), (122, 128), (131, 132), (134, 137), (139, 144), (147, 214), (218, 231), (237, 250), (253, 254), (255, 256)]
[(24, 26), (32, 35), (83, 84), (87, 89), (110, 111), (120, 121), (125, 126), (129, 135), (136, 137), (138, 139), (140, 141), (143, 146), (147, 152), (153, 161), (162, 213), (216, 231), (236, 245), (246, 251), (254, 256)]
[(32, 34), (58, 60), (104, 105), (117, 118), (119, 122), (123, 137), (138, 141), (143, 147), (149, 160), (161, 214), (216, 230), (236, 239), (242, 243), (245, 250), (251, 252), (254, 256)]
[(14, 15), (20, 21), (62, 63), (80, 81), (83, 86), (88, 89), (91, 92), (113, 114), (115, 116), (122, 134), (135, 139), (141, 142), (143, 147), (148, 211), (213, 214), (216, 230), (236, 240), (241, 251), (255, 256)]
[(19, 21), (35, 36), (55, 58), (73, 74), (87, 88), (91, 93), (117, 120), (123, 133), (134, 136), (139, 149), (150, 155), (157, 211), (214, 230), (236, 240), (241, 242), (243, 251), (254, 256)]
[(14, 15), (18, 21), (58, 59), (81, 82), (86, 87), (89, 91), (111, 112), (116, 118), (119, 124), (125, 133), (137, 140), (141, 211), (213, 214), (215, 231), (236, 240), (241, 245), (246, 251), (254, 256)]
[(5, 6), (45, 46), (75, 76), (86, 88), (115, 117), (119, 120), (121, 131), (132, 134), (135, 136), (137, 140), (141, 150), (151, 212), (214, 216), (217, 231), (235, 240), (241, 243), (244, 250), (251, 253), (255, 256)]
[(42, 43), (71, 72), (78, 79), (88, 89), (111, 113), (116, 129), (132, 135), (136, 140), (141, 213), (216, 230), (235, 239), (241, 243), (245, 252), (253, 256)]
[(8, 9), (37, 39), (50, 51), (54, 55), (61, 62), (79, 80), (82, 83), (99, 100), (101, 103), (106, 108), (109, 110), (113, 116), (117, 122), (123, 128), (131, 136), (137, 178), (180, 214), (215, 230), (236, 239), (241, 243), (245, 251), (252, 253), (254, 255)]
[(37, 38), (50, 51), (52, 53), (91, 95), (106, 115), (116, 118), (119, 126), (127, 128), (129, 145), (146, 154), (155, 167), (170, 174), (175, 176), (177, 179), (182, 230), (236, 239), (240, 241), (242, 244), (246, 252), (254, 256)]
[(33, 34), (36, 38), (47, 49), (51, 52), (68, 69), (92, 95), (96, 97), (107, 113), (114, 115), (116, 119), (121, 122), (123, 125), (128, 132), (133, 168), (173, 176), (177, 178), (180, 183), (185, 230), (235, 240), (241, 242), (243, 253), (254, 256)]
[(33, 35), (37, 38), (42, 43), (46, 52), (59, 60), (87, 88), (89, 91), (97, 98), (104, 106), (108, 112), (113, 120), (121, 123), (126, 131), (133, 177), (178, 182), (183, 187), (188, 230), (235, 238), (241, 252), (254, 256)]
[(18, 19), (29, 30), (32, 35), (37, 38), (39, 40), (42, 44), (47, 48), (49, 52), (85, 86), (92, 94), (103, 106), (107, 111), (112, 119), (120, 121), (124, 130), (132, 145), (146, 176), (177, 179), (181, 182), (184, 186), (187, 230), (235, 245), (246, 253), (255, 256)]
[(16, 17), (19, 20), (29, 30), (32, 34), (37, 38), (40, 41), (49, 51), (55, 56), (91, 92), (93, 98), (102, 103), (104, 106), (107, 110), (111, 112), (114, 115), (116, 117), (118, 121), (122, 123), (124, 130), (132, 142), (143, 160), (161, 175), (176, 177), (185, 230), (235, 245), (246, 252)]
[(18, 19), (25, 26), (31, 32), (36, 38), (44, 45), (63, 64), (66, 68), (70, 71), (72, 73), (88, 90), (92, 94), (96, 101), (102, 104), (105, 117), (120, 121), (122, 126), (127, 130), (132, 157), (160, 161), (164, 175), (178, 179), (181, 183), (185, 230), (236, 240), (241, 245), (246, 253), (254, 256)]
[(23, 24), (31, 32), (42, 43), (44, 45), (48, 49), (66, 67), (68, 70), (87, 88), (89, 91), (92, 113), (115, 116), (121, 128), (131, 132), (133, 146), (147, 148), (150, 157), (158, 159), (166, 168), (169, 178), (180, 218), (219, 230), (235, 256)]
[(2, 3), (24, 25), (30, 31), (51, 52), (62, 63), (67, 68), (85, 86), (90, 91), (92, 109), (110, 111), (114, 115), (117, 123), (125, 127), (128, 130), (131, 144), (145, 146), (147, 153), (155, 158), (169, 184), (185, 218), (219, 230), (235, 239), (242, 244), (245, 249), (250, 256)]
[(2, 3), (9, 10), (18, 23), (47, 48), (50, 52), (53, 56), (62, 63), (64, 65), (69, 70), (73, 74), (76, 77), (78, 79), (84, 87), (88, 94), (95, 98), (99, 101), (102, 108), (110, 112), (117, 123), (125, 128), (130, 133), (135, 152), (153, 154), (157, 158), (169, 228), (236, 240), (242, 253), (254, 256)]
[(19, 23), (27, 29), (52, 55), (65, 66), (73, 74), (77, 79), (81, 82), (83, 85), (86, 91), (92, 93), (98, 107), (108, 109), (111, 116), (117, 128), (130, 141), (142, 154), (156, 157), (168, 228), (229, 230), (235, 239), (240, 245), (246, 251), (252, 253), (254, 256)]
[(18, 20), (21, 22), (23, 26), (28, 29), (36, 37), (55, 56), (74, 75), (77, 78), (79, 83), (85, 92), (93, 94), (97, 98), (100, 107), (110, 114), (116, 124), (127, 139), (144, 152), (153, 156), (157, 158), (167, 230), (237, 240), (241, 255)]
[(17, 18), (19, 21), (45, 46), (55, 57), (63, 64), (73, 74), (75, 84), (87, 88), (89, 90), (93, 97), (100, 102), (104, 108), (109, 111), (112, 119), (120, 124), (127, 138), (141, 156), (157, 158), (165, 171), (172, 225), (226, 227), (228, 230), (236, 243), (244, 254), (255, 256)]
[(0, 1), (17, 18), (21, 26), (38, 39), (44, 45), (67, 68), (69, 71), (72, 74), (77, 83), (84, 87), (88, 91), (96, 98), (100, 104), (106, 112), (113, 117), (119, 124), (125, 126), (127, 137), (142, 153), (154, 155), (157, 158), (161, 163), (166, 230), (236, 256)]
[(21, 28), (53, 54), (56, 57), (62, 63), (67, 68), (72, 73), (74, 76), (78, 81), (82, 83), (85, 86), (88, 89), (91, 94), (95, 96), (100, 102), (106, 108), (109, 115), (116, 118), (119, 124), (125, 136), (139, 140), (145, 156), (157, 158), (161, 164), (165, 230), (236, 240), (241, 256)]
[(15, 16), (23, 27), (31, 32), (44, 45), (57, 58), (63, 64), (70, 71), (72, 76), (78, 80), (81, 83), (84, 86), (91, 96), (97, 100), (103, 104), (107, 117), (118, 124), (125, 134), (135, 136), (142, 144), (146, 156), (157, 158), (161, 226), (227, 228), (229, 230), (236, 239), (241, 256)]
[(13, 14), (15, 17), (43, 44), (45, 46), (56, 57), (60, 62), (63, 64), (68, 71), (73, 79), (80, 81), (83, 84), (85, 88), (92, 93), (94, 95), (97, 98), (103, 105), (106, 111), (114, 133), (138, 140), (141, 142), (143, 158), (159, 164), (165, 230), (235, 236), (237, 240), (241, 251), (252, 256)]
[(8, 9), (14, 15), (18, 21), (22, 24), (31, 32), (45, 47), (49, 50), (59, 63), (68, 74), (75, 79), (80, 81), (82, 87), (89, 90), (91, 98), (102, 126), (127, 135), (140, 141), (144, 145), (146, 161), (162, 230), (236, 240), (241, 256)]
[(3, 4), (9, 11), (13, 15), (16, 20), (50, 51), (58, 59), (60, 61), (62, 63), (66, 67), (68, 70), (71, 78), (81, 82), (83, 85), (86, 88), (91, 94), (95, 96), (98, 99), (100, 120), (121, 128), (131, 132), (133, 134), (137, 140), (141, 144), (146, 230), (236, 256)]
[(7, 9), (10, 12), (14, 20), (24, 25), (54, 57), (60, 62), (67, 69), (71, 73), (74, 79), (80, 83), (85, 86), (89, 92), (98, 106), (114, 126), (129, 130), (133, 135), (136, 137), (139, 230), (236, 256)]
[(7, 9), (13, 15), (16, 18), (48, 51), (62, 67), (72, 74), (76, 80), (82, 85), (86, 87), (88, 90), (91, 95), (96, 107), (113, 115), (118, 126), (129, 131), (132, 133), (134, 135), (137, 138), (140, 145), (146, 160), (161, 230), (235, 244), (245, 254), (255, 256)]
[(8, 9), (10, 12), (14, 15), (16, 18), (19, 20), (45, 46), (49, 50), (51, 52), (55, 56), (57, 59), (60, 67), (71, 77), (78, 79), (81, 85), (86, 88), (91, 94), (96, 97), (98, 107), (110, 114), (116, 119), (120, 126), (129, 130), (133, 134), (136, 139), (140, 230), (236, 247), (248, 256)]
[(37, 38), (58, 68), (72, 73), (79, 81), (82, 88), (90, 91), (92, 97), (98, 99), (100, 105), (111, 114), (116, 123), (125, 127), (128, 130), (133, 134), (136, 138), (139, 144), (145, 186), (188, 230), (236, 239), (240, 245), (246, 256)]
[(8, 9), (14, 15), (17, 18), (36, 38), (48, 52), (61, 70), (72, 75), (76, 77), (78, 84), (86, 89), (90, 91), (92, 95), (96, 98), (99, 108), (116, 118), (120, 122), (123, 124), (125, 126), (128, 131), (136, 137), (138, 139), (140, 161), (162, 184), (187, 188), (189, 190), (193, 230), (236, 240), (241, 251), (252, 253), (254, 256)]
[(12, 15), (16, 17), (47, 48), (49, 50), (51, 52), (53, 54), (55, 56), (60, 67), (68, 72), (73, 74), (75, 82), (85, 88), (89, 91), (92, 94), (95, 106), (112, 113), (114, 120), (121, 125), (130, 131), (135, 140), (141, 142), (143, 161), (162, 183), (192, 230), (235, 256)]
[(2, 3), (11, 13), (14, 18), (38, 40), (48, 51), (55, 56), (57, 77), (78, 82), (83, 89), (91, 92), (95, 96), (97, 108), (112, 113), (114, 115), (116, 117), (118, 127), (130, 140), (141, 163), (164, 182), (187, 191), (193, 230), (235, 254), (255, 256)]
[(10, 12), (14, 16), (49, 50), (54, 64), (65, 71), (72, 79), (82, 90), (91, 96), (98, 103), (104, 106), (108, 109), (110, 116), (117, 121), (122, 127), (128, 129), (130, 133), (135, 139), (140, 160), (161, 165), (166, 180), (182, 185), (192, 229), (235, 252), (254, 256)]
[(13, 14), (15, 16), (53, 61), (63, 72), (80, 89), (92, 96), (97, 99), (100, 105), (106, 108), (110, 114), (115, 118), (119, 120), (121, 128), (130, 134), (135, 147), (148, 164), (166, 175), (176, 180), (193, 230), (235, 256)]
[(7, 8), (14, 15), (48, 49), (53, 72), (73, 74), (75, 96), (97, 100), (101, 105), (113, 114), (115, 116), (117, 118), (119, 128), (129, 135), (136, 138), (139, 163), (165, 175), (177, 182), (193, 229), (235, 241), (242, 252), (254, 256)]
[(2, 3), (11, 13), (16, 17), (23, 24), (48, 49), (52, 70), (73, 74), (76, 95), (98, 106), (107, 111), (112, 113), (114, 117), (118, 129), (130, 135), (136, 160), (165, 169), (170, 171), (172, 182), (193, 229), (235, 256)]
[(1, 2), (18, 19), (22, 23), (41, 43), (54, 64), (65, 68), (72, 93), (94, 101), (102, 111), (113, 122), (123, 129), (130, 135), (137, 144), (149, 161), (168, 169), (170, 174), (175, 180), (181, 182), (193, 230), (235, 241), (242, 256)]
[(33, 34), (44, 45), (51, 52), (53, 54), (55, 67), (68, 69), (72, 73), (74, 82), (83, 103), (104, 114), (115, 118), (119, 121), (122, 123), (124, 129), (130, 134), (136, 146), (149, 161), (168, 169), (170, 171), (177, 181), (193, 230), (235, 256)]
[(0, 1), (3, 4), (6, 9), (10, 11), (23, 24), (32, 34), (43, 44), (48, 50), (53, 63), (65, 66), (67, 69), (71, 78), (81, 95), (96, 108), (109, 115), (116, 126), (128, 130), (131, 133), (134, 145), (149, 158), (159, 160), (177, 181), (193, 230), (235, 256)]
[(1, 3), (6, 7), (9, 10), (16, 17), (36, 37), (48, 51), (53, 63), (66, 68), (70, 89), (90, 113), (114, 116), (118, 129), (131, 132), (133, 145), (149, 153), (154, 158), (177, 180), (193, 230), (234, 256)]
[(2, 3), (4, 5), (11, 12), (26, 27), (36, 37), (39, 40), (51, 52), (54, 64), (66, 67), (69, 113), (114, 116), (120, 133), (134, 135), (136, 145), (149, 158), (172, 173), (177, 180), (193, 230), (231, 247), (249, 252)]
[(16, 17), (21, 22), (26, 27), (31, 33), (35, 36), (39, 40), (41, 43), (53, 59), (60, 62), (63, 64), (65, 66), (69, 84), (85, 132), (133, 136), (137, 145), (149, 158), (170, 171), (172, 173), (177, 181), (193, 236), (237, 238), (241, 242), (244, 247), (248, 251), (252, 253)]
[(12, 13), (21, 22), (25, 27), (31, 32), (38, 39), (40, 41), (43, 44), (48, 49), (52, 59), (60, 64), (67, 68), (69, 118), (119, 120), (124, 129), (130, 145), (149, 153), (154, 158), (170, 171), (172, 173), (177, 181), (194, 233), (238, 241), (248, 249), (250, 251), (253, 254), (255, 256)]
[(16, 17), (29, 31), (40, 43), (50, 64), (66, 67), (68, 116), (118, 122), (124, 145), (149, 158), (177, 182), (193, 229), (231, 232), (233, 236), (238, 241), (242, 243), (245, 248), (249, 251), (254, 256)]
[(25, 26), (32, 34), (40, 42), (44, 46), (50, 51), (52, 53), (55, 63), (65, 75), (76, 119), (121, 122), (123, 124), (125, 126), (127, 129), (131, 145), (146, 147), (149, 158), (172, 173), (174, 175), (176, 183), (193, 229), (237, 239), (242, 243), (247, 249), (250, 256)]
[(3, 4), (25, 26), (32, 33), (39, 40), (41, 45), (47, 48), (49, 50), (51, 62), (64, 128), (132, 145), (146, 147), (149, 158), (159, 160), (172, 173), (174, 175), (176, 184), (190, 191), (193, 256)]
[(22, 23), (33, 35), (43, 45), (46, 50), (52, 53), (54, 60), (62, 64), (65, 98), (100, 130), (133, 145), (146, 147), (149, 160), (171, 172), (173, 175), (176, 184), (192, 227), (229, 256)]
[(32, 33), (42, 43), (46, 49), (51, 56), (59, 60), (62, 65), (66, 84), (85, 128), (136, 146), (147, 161), (169, 174), (176, 184), (185, 186), (192, 230), (231, 256)]
[(0, 1), (30, 31), (45, 48), (50, 53), (57, 59), (66, 128), (130, 131), (134, 145), (147, 230), (235, 256)]
[(29, 31), (41, 42), (43, 44), (45, 46), (48, 53), (55, 56), (57, 58), (62, 89), (90, 130), (133, 144), (147, 148), (149, 164), (166, 167), (169, 172), (173, 174), (176, 177), (178, 183), (184, 230), (239, 240), (244, 245), (246, 256)]
[(2, 3), (23, 24), (27, 28), (30, 31), (40, 42), (43, 44), (48, 49), (50, 52), (53, 56), (62, 122), (123, 131), (132, 136), (137, 146), (147, 149), (150, 162), (167, 186), (192, 230), (243, 244), (248, 249), (250, 252)]
[(18, 20), (21, 23), (40, 41), (45, 47), (48, 49), (51, 53), (55, 56), (62, 65), (66, 102), (103, 118), (119, 123), (124, 125), (129, 132), (134, 135), (136, 137), (141, 146), (149, 162), (169, 177), (178, 186), (187, 188), (192, 230), (243, 244), (246, 247), (248, 249), (251, 252), (255, 256)]
[(10, 11), (24, 25), (32, 33), (39, 40), (45, 46), (47, 48), (52, 54), (62, 63), (64, 65), (66, 99), (100, 103), (106, 108), (110, 118), (122, 126), (127, 131), (132, 133), (139, 141), (143, 144), (150, 162), (169, 186), (193, 231), (245, 246), (247, 248), (250, 252)]
[(26, 27), (38, 39), (44, 46), (48, 49), (51, 52), (54, 55), (62, 63), (64, 65), (66, 69), (70, 99), (101, 103), (107, 108), (110, 116), (117, 118), (120, 121), (136, 137), (138, 139), (150, 162), (169, 176), (177, 186), (193, 230), (238, 239), (242, 246), (247, 249), (251, 253), (254, 255)]
[(16, 17), (37, 38), (45, 46), (50, 51), (59, 60), (64, 106), (124, 125), (136, 137), (139, 146), (150, 162), (169, 175), (178, 186), (193, 230), (242, 243), (244, 245), (248, 249), (250, 252)]
[(17, 18), (25, 26), (29, 30), (44, 46), (49, 51), (52, 53), (54, 55), (56, 57), (61, 62), (66, 67), (68, 106), (107, 108), (112, 114), (126, 127), (132, 134), (140, 143), (144, 145), (151, 162), (170, 171), (172, 173), (174, 175), (178, 186), (195, 230), (243, 245), (251, 253), (254, 255)]
[(18, 19), (38, 39), (40, 41), (42, 48), (50, 54), (55, 57), (61, 64), (69, 102), (105, 107), (125, 127), (129, 132), (136, 140), (141, 143), (144, 147), (151, 162), (170, 173), (174, 175), (179, 186), (195, 231), (248, 249), (251, 253)]
[(18, 19), (21, 22), (37, 38), (41, 43), (44, 46), (47, 49), (50, 51), (52, 54), (57, 59), (60, 62), (63, 66), (68, 69), (70, 71), (75, 87), (88, 99), (100, 101), (105, 106), (107, 108), (125, 130), (132, 134), (135, 140), (145, 146), (151, 161), (170, 171), (172, 173), (174, 175), (178, 187), (195, 231), (246, 247), (251, 252), (253, 254)]
[(23, 24), (38, 46), (47, 50), (52, 56), (58, 60), (62, 66), (69, 73), (76, 87), (88, 102), (113, 114), (119, 120), (124, 125), (126, 128), (129, 130), (131, 132), (133, 134), (137, 139), (140, 145), (151, 161), (179, 187), (195, 231), (248, 249), (253, 254)]
[(7, 8), (24, 26), (35, 36), (40, 44), (48, 49), (51, 52), (53, 56), (57, 62), (63, 64), (68, 69), (71, 72), (75, 76), (77, 86), (89, 106), (118, 122), (124, 125), (126, 132), (133, 134), (138, 140), (142, 144), (152, 161), (181, 187), (195, 231), (252, 253)]
[(14, 15), (34, 36), (41, 46), (47, 50), (53, 54), (57, 58), (59, 61), (63, 68), (79, 86), (87, 103), (106, 107), (121, 122), (123, 125), (127, 128), (130, 131), (132, 137), (140, 141), (152, 161), (196, 231), (248, 249)]
[(15, 16), (41, 43), (45, 48), (53, 54), (55, 60), (61, 62), (63, 65), (66, 67), (76, 77), (78, 85), (89, 100), (101, 103), (106, 107), (113, 114), (123, 126), (129, 130), (132, 135), (136, 141), (152, 153), (154, 159), (185, 186), (197, 231), (252, 253)]
[(9, 10), (20, 21), (34, 35), (41, 46), (47, 51), (53, 64), (66, 67), (79, 82), (83, 84), (85, 86), (91, 92), (93, 102), (114, 115), (125, 127), (128, 129), (130, 133), (135, 136), (138, 139), (140, 142), (143, 145), (150, 156), (197, 231), (252, 253)]
[(14, 16), (19, 21), (40, 49), (53, 55), (56, 62), (63, 64), (69, 70), (73, 75), (79, 80), (84, 85), (90, 91), (94, 100), (122, 126), (141, 142), (151, 158), (185, 187), (197, 231), (251, 252)]
[(17, 18), (41, 47), (48, 50), (54, 60), (63, 64), (70, 71), (74, 78), (79, 80), (85, 86), (93, 99), (103, 104), (122, 123), (124, 129), (130, 133), (137, 138), (148, 149), (150, 160), (185, 186), (197, 231)]
[(21, 22), (39, 41), (42, 45), (46, 49), (52, 54), (55, 58), (59, 61), (64, 65), (68, 71), (76, 79), (81, 82), (83, 84), (90, 91), (92, 97), (102, 103), (124, 130), (131, 132), (133, 135), (136, 138), (148, 160), (172, 175), (197, 231)]
[(9, 10), (36, 37), (44, 47), (48, 49), (51, 52), (53, 55), (56, 64), (69, 71), (72, 73), (74, 75), (78, 79), (90, 99), (100, 101), (111, 113), (114, 116), (128, 129), (130, 131), (133, 136), (147, 160), (180, 184), (198, 231), (246, 247)]
[(44, 45), (46, 48), (53, 54), (56, 62), (63, 68), (70, 73), (78, 80), (89, 90), (91, 96), (98, 102), (108, 109), (114, 115), (124, 125), (127, 128), (131, 132), (136, 140), (145, 149), (150, 159), (187, 193), (198, 231)]
[(13, 14), (32, 34), (35, 39), (43, 44), (46, 47), (52, 54), (55, 60), (63, 64), (65, 69), (79, 80), (87, 88), (89, 91), (92, 95), (96, 102), (104, 105), (106, 109), (120, 123), (124, 125), (126, 127), (128, 131), (132, 136), (142, 145), (146, 159), (163, 164), (165, 166), (196, 231), (250, 251)]
[(34, 36), (46, 47), (55, 59), (60, 61), (63, 64), (65, 70), (78, 83), (87, 92), (93, 94), (95, 98), (100, 101), (102, 105), (107, 108), (114, 115), (120, 121), (130, 131), (133, 134), (140, 141), (148, 159), (163, 166), (168, 174), (198, 201), (202, 231), (250, 251)]
[(16, 17), (38, 39), (46, 47), (48, 50), (54, 58), (59, 60), (65, 72), (88, 93), (94, 99), (101, 102), (109, 110), (116, 117), (119, 120), (127, 128), (143, 144), (146, 147), (148, 160), (162, 181), (200, 201), (202, 232), (250, 251)]
[(39, 40), (48, 49), (55, 57), (58, 61), (63, 65), (66, 71), (85, 86), (89, 91), (93, 96), (97, 98), (102, 106), (112, 113), (114, 117), (118, 119), (120, 121), (122, 123), (128, 129), (135, 136), (141, 144), (146, 160), (161, 163), (164, 185), (204, 205), (208, 209), (210, 211), (213, 214), (215, 227), (228, 231)]
[(47, 48), (54, 58), (61, 62), (65, 66), (68, 69), (78, 80), (81, 82), (83, 84), (88, 91), (92, 94), (95, 96), (98, 99), (102, 103), (104, 106), (109, 115), (117, 121), (122, 123), (137, 138), (139, 140), (147, 159), (161, 162), (163, 170), (171, 186), (187, 188), (189, 190), (197, 198), (200, 203), (205, 212), (213, 214), (216, 217), (221, 223), (224, 227), (228, 231)]
[(34, 37), (54, 59), (65, 66), (68, 69), (73, 74), (78, 79), (80, 81), (82, 83), (89, 90), (92, 93), (95, 96), (97, 98), (100, 101), (103, 105), (107, 112), (113, 114), (118, 119), (121, 122), (125, 126), (127, 128), (136, 139), (146, 159), (161, 162), (163, 215), (216, 217), (218, 220), (227, 230), (249, 251)]
[(32, 35), (36, 41), (47, 48), (50, 51), (52, 54), (55, 56), (57, 59), (60, 61), (62, 63), (81, 82), (83, 85), (90, 91), (95, 100), (104, 105), (106, 107), (110, 111), (114, 115), (121, 122), (123, 124), (125, 127), (131, 132), (133, 134), (145, 162), (164, 188), (189, 221), (228, 232), (249, 250), (253, 254)]
[(31, 40), (52, 53), (54, 56), (58, 59), (60, 61), (62, 63), (66, 67), (90, 91), (92, 93), (95, 96), (100, 101), (103, 104), (105, 107), (114, 116), (117, 120), (124, 126), (127, 128), (129, 135), (137, 140), (146, 148), (149, 163), (164, 223)]
[(36, 40), (54, 55), (56, 57), (58, 59), (83, 87), (89, 93), (94, 95), (96, 99), (103, 104), (105, 109), (112, 122), (124, 125), (127, 130), (131, 132), (133, 134), (136, 137), (146, 163), (164, 222)]
[(31, 32), (36, 40), (41, 42), (45, 46), (51, 52), (53, 55), (56, 57), (82, 83), (86, 87), (88, 91), (95, 98), (100, 106), (113, 131), (134, 135), (141, 142), (143, 148), (149, 163), (164, 187), (189, 221), (223, 224)]
[(15, 16), (30, 32), (34, 35), (36, 37), (39, 40), (41, 42), (46, 48), (88, 91), (93, 98), (99, 101), (104, 117), (118, 126), (128, 130), (132, 136), (137, 139), (140, 155), (156, 162), (164, 220), (221, 222), (223, 224), (255, 256)]
[(6, 7), (15, 16), (42, 44), (48, 49), (60, 61), (74, 75), (77, 78), (87, 88), (89, 91), (92, 98), (99, 100), (101, 103), (104, 115), (116, 121), (122, 129), (130, 133), (134, 135), (136, 147), (148, 155), (156, 163), (164, 220), (222, 223), (224, 227), (252, 253), (254, 255)]
[(10, 11), (31, 34), (39, 40), (43, 46), (70, 71), (75, 76), (78, 79), (94, 98), (100, 101), (102, 115), (120, 123), (125, 127), (128, 129), (131, 136), (138, 140), (144, 163), (164, 188), (189, 219), (220, 221), (222, 223), (224, 225), (226, 227)]
[(30, 33), (34, 40), (45, 47), (72, 73), (74, 75), (80, 81), (87, 88), (93, 102), (104, 118), (122, 123), (125, 127), (128, 134), (135, 139), (144, 145), (152, 162), (164, 166), (167, 221), (222, 223), (225, 227)]
[(7, 9), (30, 31), (32, 40), (41, 42), (44, 46), (49, 50), (78, 79), (84, 86), (87, 88), (93, 100), (101, 119), (121, 122), (126, 139), (141, 142), (143, 144), (146, 154), (155, 156), (157, 162), (165, 219), (221, 222), (224, 226)]
[(8, 9), (31, 39), (40, 42), (45, 46), (77, 81), (82, 83), (87, 88), (90, 92), (93, 115), (116, 117), (121, 122), (125, 126), (128, 131), (132, 143), (144, 145), (148, 155), (157, 160), (161, 162), (164, 219), (220, 221), (223, 226)]
[(4, 5), (6, 7), (28, 29), (30, 33), (35, 39), (42, 43), (65, 66), (77, 79), (82, 85), (91, 92), (94, 111), (115, 116), (120, 122), (124, 126), (127, 135), (136, 137), (138, 139), (141, 142), (144, 146), (156, 165), (168, 219), (221, 222), (224, 225), (226, 227), (254, 255)]
[(8, 9), (20, 21), (31, 32), (34, 35), (39, 40), (46, 47), (66, 67), (74, 75), (81, 83), (84, 86), (91, 92), (95, 103), (105, 107), (111, 112), (120, 123), (125, 126), (127, 130), (133, 138), (139, 141), (142, 143), (144, 146), (151, 177), (179, 221), (222, 227)]
[(26, 27), (32, 35), (42, 43), (74, 75), (82, 83), (86, 88), (92, 93), (95, 98), (122, 123), (125, 127), (135, 136), (137, 142), (143, 145), (147, 148), (150, 151), (153, 164), (165, 168), (170, 177), (178, 226)]
[(10, 11), (27, 28), (31, 32), (33, 34), (40, 42), (78, 79), (88, 90), (95, 96), (103, 105), (113, 114), (115, 117), (125, 128), (136, 146), (147, 148), (149, 151), (152, 153), (156, 167), (170, 190), (191, 221), (222, 226)]
[(27, 28), (33, 35), (82, 84), (90, 91), (99, 101), (105, 106), (107, 108), (111, 116), (125, 128), (134, 135), (137, 141), (142, 148), (150, 152), (153, 155), (160, 169), (170, 177), (178, 191), (192, 226)]
[(22, 23), (25, 26), (32, 34), (53, 54), (88, 89), (99, 104), (107, 111), (115, 119), (123, 126), (130, 131), (133, 135), (137, 139), (143, 145), (147, 148), (149, 152), (153, 177), (178, 179), (180, 189), (192, 226)]
[(22, 23), (25, 26), (92, 94), (103, 104), (105, 107), (108, 110), (112, 113), (114, 116), (121, 126), (127, 129), (133, 135), (148, 156), (157, 168), (170, 171), (172, 174), (176, 177), (178, 189), (190, 226)]
[(22, 23), (26, 27), (58, 59), (81, 82), (92, 93), (94, 96), (102, 105), (108, 109), (110, 111), (113, 116), (118, 119), (121, 122), (123, 128), (129, 132), (134, 136), (138, 139), (140, 142), (148, 154), (155, 160), (162, 164), (165, 188), (191, 224)]
[(35, 36), (60, 61), (86, 87), (94, 96), (101, 102), (106, 111), (112, 115), (119, 120), (126, 127), (132, 133), (140, 142), (143, 144), (145, 148), (151, 166), (168, 187), (191, 194), (195, 223)]
[(87, 89), (103, 104), (105, 110), (111, 115), (117, 118), (134, 136), (138, 139), (140, 167), (172, 187), (191, 223)]
[(15, 16), (26, 27), (35, 36), (57, 58), (87, 88), (103, 104), (105, 106), (108, 109), (111, 118), (121, 124), (128, 129), (130, 132), (133, 134), (135, 138), (141, 149), (150, 151), (152, 153), (154, 155), (156, 167), (171, 173), (175, 186), (191, 193), (194, 222)]
[(60, 61), (90, 92), (99, 100), (105, 106), (115, 116), (121, 122), (123, 128), (129, 154), (155, 158), (159, 168), (172, 175), (178, 185), (191, 222)]
[(58, 59), (91, 92), (94, 95), (116, 117), (121, 127), (128, 129), (130, 133), (134, 135), (136, 141), (143, 148), (149, 166), (172, 175), (181, 183), (191, 222)]
[(2, 3), (92, 94), (106, 108), (110, 112), (113, 114), (116, 117), (120, 122), (127, 128), (130, 131), (132, 135), (136, 138), (143, 145), (148, 151), (154, 171), (189, 221)]
[(2, 3), (103, 104), (105, 106), (110, 115), (130, 132), (133, 134), (135, 136), (137, 139), (143, 144), (146, 148), (151, 152), (153, 155), (157, 158), (160, 161), (163, 176), (184, 220)]
[(89, 90), (105, 106), (108, 110), (111, 112), (113, 115), (135, 136), (137, 139), (148, 149), (151, 157), (161, 162), (164, 220)]
[(58, 59), (92, 93), (108, 109), (111, 114), (126, 127), (143, 145), (147, 150), (153, 156), (164, 220)]
[(19, 20), (30, 31), (47, 48), (58, 59), (91, 92), (107, 109), (123, 124), (128, 129), (130, 131), (139, 140), (150, 151), (152, 158), (161, 165), (167, 220)]
[(17, 18), (46, 47), (120, 121), (126, 127), (133, 134), (136, 137), (140, 143), (148, 150), (151, 152), (158, 160), (161, 221)]
[(109, 110), (111, 112), (113, 115), (118, 121), (122, 125), (131, 135), (136, 140), (141, 143), (149, 153), (155, 156), (157, 158), (159, 194), (195, 219)]
[(41, 42), (56, 57), (94, 95), (105, 106), (113, 114), (115, 116), (117, 118), (119, 120), (121, 122), (123, 124), (126, 127), (131, 132), (134, 135), (139, 140), (141, 145), (150, 160), (161, 220)]
[(15, 16), (105, 106), (110, 112), (115, 116), (117, 121), (122, 123), (136, 138), (139, 140), (141, 142), (143, 147), (148, 219)]
[(15, 16), (17, 19), (108, 111), (112, 114), (115, 116), (117, 118), (119, 122), (123, 125), (126, 128), (141, 142), (143, 144), (147, 150), (152, 162), (163, 220)]
[(15, 16), (17, 18), (38, 39), (109, 111), (118, 119), (120, 121), (124, 125), (134, 138), (145, 148), (149, 158), (159, 217)]
[(24, 25), (111, 112), (118, 120), (121, 122), (123, 124), (138, 139), (140, 154), (155, 159), (161, 217)]
[(42, 45), (108, 109), (114, 115), (118, 119), (125, 127), (131, 132), (133, 134), (135, 136), (137, 138), (139, 140), (141, 142), (143, 144), (145, 152), (153, 217)]
[(16, 17), (23, 24), (118, 120), (121, 124), (126, 127), (133, 134), (137, 138), (141, 143), (144, 149), (150, 151), (152, 153), (154, 216)]
[(17, 18), (23, 24), (36, 37), (42, 43), (44, 45), (71, 72), (117, 120), (134, 136), (140, 141), (145, 216)]
[(117, 120), (122, 126), (130, 133), (136, 137), (138, 139), (141, 151), (152, 216)]
[(28, 30), (88, 89), (91, 92), (110, 113), (121, 125), (128, 129), (132, 133), (134, 139), (140, 150), (151, 152), (153, 160), (161, 215), (219, 220)]
[(86, 87), (110, 111), (113, 116), (118, 124), (132, 136), (137, 139), (140, 141), (142, 155), (156, 215), (218, 219), (240, 241)]
[(94, 95), (111, 117), (118, 123), (125, 126), (128, 129), (130, 137), (138, 141), (142, 147), (149, 153), (155, 158), (160, 215), (239, 240)]
[(14, 16), (113, 116), (119, 121), (126, 127), (128, 129), (133, 145), (146, 148), (154, 216), (240, 241)]
[(119, 121), (122, 123), (125, 130), (132, 139), (140, 141), (143, 145), (146, 147), (148, 150), (151, 153), (154, 155), (156, 157), (158, 159), (160, 215), (216, 217), (241, 242)]
[(14, 15), (29, 31), (78, 79), (125, 130), (133, 136), (137, 138), (141, 147), (149, 152), (153, 154), (155, 159), (162, 214), (221, 222), (241, 242)]
[(1, 2), (9, 10), (31, 32), (34, 35), (89, 90), (136, 137), (140, 143), (144, 145), (147, 148), (151, 152), (153, 157), (158, 159), (161, 176), (177, 210), (211, 215), (242, 243)]
[(1, 2), (9, 10), (30, 31), (34, 35), (41, 42), (52, 53), (146, 147), (151, 158), (159, 175), (176, 214)]
[(31, 33), (89, 90), (94, 95), (105, 107), (114, 117), (118, 120), (121, 122), (129, 131), (153, 161), (162, 174), (176, 186), (187, 193), (194, 214), (243, 244)]
[(84, 85), (86, 87), (91, 92), (95, 99), (100, 101), (102, 103), (109, 111), (115, 121), (122, 125), (127, 128), (156, 159), (160, 172), (175, 183), (206, 208), (210, 215)]
[(2, 3), (21, 22), (92, 93), (96, 98), (99, 100), (101, 102), (115, 117), (118, 119), (130, 131), (161, 165), (209, 211), (212, 214)]
[(1, 3), (10, 11), (26, 27), (79, 80), (83, 84), (90, 92), (98, 103), (116, 119), (121, 122), (133, 134), (209, 213), (244, 245)]
[(2, 4), (15, 16), (29, 30), (66, 67), (85, 86), (106, 107), (111, 113), (119, 120), (121, 122), (132, 135), (172, 173), (175, 177), (206, 212), (213, 214), (227, 228), (242, 243)]
[(3, 4), (27, 28), (80, 81), (82, 84), (86, 89), (90, 91), (98, 99), (101, 102), (111, 112), (114, 115), (117, 118), (175, 176), (183, 184), (209, 213)]
[(6, 7), (82, 85), (86, 89), (100, 102), (105, 106), (182, 184), (198, 200), (204, 206), (207, 208), (209, 215), (244, 245)]
[(9, 10), (83, 84), (89, 90), (151, 152), (168, 174), (177, 178), (182, 183), (184, 187), (203, 212)]
[(3, 5), (10, 11), (77, 78), (134, 136), (140, 141), (147, 148), (149, 150), (153, 155), (166, 173), (175, 177), (180, 182), (183, 185), (188, 189), (190, 191), (196, 202), (203, 216), (225, 226)]
[(4, 5), (18, 19), (22, 23), (26, 27), (87, 88), (150, 180), (185, 186), (193, 194), (196, 203), (207, 215)]
[(87, 88), (89, 91), (107, 108), (111, 112), (155, 156), (157, 176), (177, 179), (191, 192), (203, 216)]
[(74, 75), (89, 90), (109, 111), (159, 160), (165, 166), (167, 171), (174, 178), (179, 181), (182, 184), (186, 189), (199, 204), (206, 214)]
[(6, 7), (86, 88), (90, 91), (103, 106), (107, 108), (113, 116), (118, 119), (144, 153), (177, 179), (182, 194), (195, 196), (197, 214)]
[(7, 9), (70, 71), (74, 76), (90, 92), (101, 104), (105, 106), (107, 110), (111, 114), (123, 124), (125, 142), (147, 152), (153, 155), (175, 212), (213, 215), (226, 227), (228, 229), (249, 250)]
[(9, 11), (83, 91), (94, 97), (101, 116), (119, 120), (125, 133), (135, 136), (137, 138), (139, 147), (159, 161), (171, 180), (183, 214), (215, 216), (226, 227), (246, 247)]
[(11, 12), (15, 16), (82, 83), (84, 90), (92, 93), (98, 99), (101, 102), (112, 114), (121, 123), (124, 126), (127, 129), (133, 137), (141, 159), (162, 166), (169, 171), (172, 174), (178, 183), (186, 214), (238, 239)]
[(29, 31), (33, 36), (94, 96), (104, 106), (110, 113), (114, 115), (118, 120), (123, 126), (127, 128), (132, 133), (139, 149), (152, 155), (159, 160), (165, 166), (168, 169), (173, 178), (180, 182), (184, 213), (234, 235)]
[(9, 10), (11, 12), (15, 17), (20, 21), (22, 23), (90, 91), (102, 103), (121, 122), (123, 127), (130, 131), (133, 134), (136, 137), (138, 146), (158, 159), (166, 168), (170, 174), (176, 212), (251, 252)]
[(0, 2), (16, 19), (29, 31), (34, 35), (36, 37), (61, 63), (66, 67), (89, 93), (128, 129), (131, 136), (154, 156), (165, 184), (187, 212), (215, 218)]
[(1, 3), (4, 5), (17, 19), (20, 21), (22, 24), (28, 30), (33, 35), (37, 38), (45, 46), (81, 96), (97, 99), (134, 135), (163, 184), (188, 214), (229, 230)]
[(18, 19), (20, 21), (22, 23), (28, 29), (32, 36), (82, 85), (86, 98), (99, 102), (104, 105), (107, 108), (161, 185), (190, 212), (214, 216)]
[(19, 20), (21, 22), (65, 67), (80, 81), (98, 100), (101, 103), (109, 116), (117, 118), (156, 186), (188, 190), (191, 212), (213, 217), (218, 219), (252, 254)]
[(19, 21), (69, 71), (79, 81), (82, 84), (99, 101), (122, 123), (153, 156), (157, 165), (166, 187), (188, 190), (191, 218), (254, 255)]
[(23, 25), (36, 37), (101, 102), (126, 127), (154, 155), (156, 163), (164, 165), (168, 188), (190, 192), (193, 201), (202, 220), (230, 232), (254, 255)]
[(22, 24), (43, 44), (66, 69), (100, 103), (104, 105), (126, 128), (129, 130), (154, 164), (167, 186), (190, 193), (194, 203), (208, 212), (213, 216), (230, 231), (255, 256)]
[(30, 31), (35, 36), (37, 38), (47, 48), (77, 78), (79, 85), (86, 90), (101, 103), (104, 105), (106, 107), (112, 132), (157, 186), (188, 189), (190, 201), (209, 220), (244, 245), (255, 256)]
[(31, 34), (48, 49), (76, 96), (97, 101), (105, 106), (109, 110), (114, 136), (160, 173), (174, 188), (191, 199), (207, 208), (210, 214), (215, 218), (235, 236)]
[(35, 37), (69, 70), (71, 72), (73, 79), (81, 94), (101, 107), (115, 129), (130, 142), (164, 166), (167, 190), (191, 193), (194, 195), (207, 220), (228, 229), (232, 233)]
[(39, 40), (41, 42), (48, 49), (74, 77), (81, 82), (98, 105), (115, 118), (139, 143), (169, 172), (173, 175), (176, 190), (208, 219), (231, 232), (240, 241)]
[(43, 48), (49, 53), (75, 76), (79, 80), (85, 86), (91, 92), (93, 98), (105, 106), (109, 111), (122, 123), (132, 133), (137, 141), (175, 176), (180, 181), (207, 221)]
[(47, 53), (56, 58), (74, 75), (79, 80), (82, 83), (87, 89), (91, 96), (105, 107), (108, 109), (112, 113), (117, 123), (135, 136), (137, 139), (140, 141), (147, 148), (149, 150), (204, 205), (207, 211), (212, 219)]
[(47, 48), (56, 58), (59, 64), (67, 68), (72, 75), (82, 83), (87, 92), (103, 105), (110, 112), (114, 115), (120, 122), (123, 124), (133, 136), (137, 138), (139, 140), (147, 148), (206, 222), (224, 225)]
[(48, 49), (57, 58), (59, 66), (67, 70), (74, 80), (107, 108), (110, 113), (115, 116), (121, 122), (131, 134), (136, 138), (143, 144), (204, 208), (209, 220), (222, 224), (227, 229)]
[(27, 28), (29, 30), (39, 40), (59, 61), (63, 64), (69, 70), (75, 82), (96, 97), (101, 105), (116, 118), (127, 130), (184, 190), (191, 192), (194, 195), (199, 203), (204, 205), (206, 218), (219, 221), (225, 226)]
[(61, 62), (77, 85), (101, 105), (106, 107), (108, 110), (125, 127), (128, 129), (131, 133), (177, 183), (184, 185), (186, 200), (201, 203), (206, 211), (212, 218), (222, 223)]
[(24, 25), (30, 31), (32, 33), (42, 43), (60, 61), (64, 65), (78, 84), (85, 93), (107, 112), (120, 121), (183, 203), (206, 219), (221, 222), (225, 226)]
[(28, 29), (43, 44), (66, 67), (79, 80), (83, 101), (121, 122), (181, 203), (208, 217)]
[(3, 4), (46, 47), (63, 64), (65, 68), (72, 73), (75, 76), (84, 85), (86, 88), (89, 102), (103, 105), (122, 123), (179, 196), (205, 218), (222, 225), (227, 228)]
[(0, 1), (34, 35), (47, 48), (71, 72), (75, 77), (84, 86), (93, 94), (96, 109), (114, 115), (123, 125), (176, 181), (182, 200), (203, 220), (221, 222), (224, 225), (226, 227)]
[(36, 37), (38, 41), (49, 50), (60, 61), (68, 69), (76, 77), (89, 90), (103, 118), (124, 125), (127, 128), (139, 143), (145, 146), (169, 170), (176, 197), (198, 199), (202, 225), (230, 231)]
[(3, 4), (39, 40), (52, 54), (74, 77), (78, 79), (82, 84), (92, 93), (110, 121), (132, 135), (136, 137), (138, 139), (168, 169), (174, 175), (179, 189), (190, 194), (195, 197), (200, 225), (226, 228), (240, 241)]
[(0, 2), (41, 42), (44, 46), (52, 53), (74, 75), (76, 80), (83, 86), (87, 93), (96, 101), (102, 103), (105, 108), (113, 114), (115, 127), (178, 181), (182, 192), (193, 195), (199, 226)]
[(2, 4), (9, 10), (11, 12), (22, 23), (32, 33), (34, 35), (36, 38), (45, 46), (57, 58), (59, 60), (75, 80), (84, 87), (88, 102), (105, 118), (119, 126), (139, 143), (155, 156), (159, 161), (173, 174), (176, 191), (199, 200), (202, 226), (229, 230)]
[(2, 7), (28, 30), (55, 56), (57, 58), (74, 75), (79, 81), (89, 90), (98, 99), (110, 111), (112, 119), (123, 128), (129, 132), (173, 186), (194, 195), (197, 203), (207, 223), (224, 226), (227, 228), (238, 239)]
[(10, 11), (12, 13), (61, 62), (66, 68), (71, 76), (80, 82), (89, 90), (95, 97), (125, 127), (129, 134), (157, 158), (159, 160), (171, 174), (192, 193), (194, 199), (202, 220), (224, 226), (228, 230)]
[(16, 18), (51, 52), (61, 64), (66, 83), (87, 98), (104, 105), (129, 136), (155, 157), (189, 198), (200, 204), (207, 209), (210, 222), (223, 226), (242, 244)]
[(18, 22), (64, 84), (88, 121), (128, 137), (153, 156), (189, 199), (200, 221), (222, 225), (226, 228)]
[(38, 40), (53, 54), (63, 85), (89, 93), (127, 128), (129, 138), (176, 178), (183, 195), (202, 224), (226, 227), (229, 230)]
[(56, 57), (65, 86), (89, 90), (99, 100), (130, 141), (166, 167), (169, 170), (173, 199), (202, 221), (222, 226)]
[(2, 4), (76, 77), (118, 125), (129, 145), (146, 148), (162, 187), (188, 197), (203, 204), (206, 221), (222, 224)]
[(3, 5), (6, 10), (15, 18), (42, 45), (102, 105), (119, 122), (129, 145), (147, 148), (157, 158), (159, 194), (201, 227), (237, 238)]
[(6, 7), (8, 11), (15, 16), (17, 19), (21, 23), (26, 30), (45, 46), (57, 64), (71, 73), (93, 95), (106, 107), (108, 110), (116, 126), (131, 193), (199, 207), (208, 220), (221, 228)]
