(256, 256)
[(32, 78), (81, 85), (90, 91), (113, 114), (122, 123), (124, 125), (130, 131), (138, 139), (142, 143), (144, 146), (149, 150), (164, 165), (238, 239), (240, 241), (244, 247), (252, 253), (254, 255)]
[(33, 76), (77, 79), (83, 84), (105, 106), (118, 119), (129, 130), (143, 146), (149, 151), (156, 159), (240, 244), (245, 247), (250, 251), (255, 256)]
[(32, 34), (35, 74), (76, 77), (82, 83), (90, 91), (97, 98), (122, 123), (127, 129), (131, 132), (135, 138), (141, 142), (144, 146), (149, 150), (151, 152), (167, 168), (238, 239), (243, 246), (251, 252)]
[(30, 31), (32, 33), (34, 83), (85, 86), (87, 88), (119, 120), (124, 126), (130, 131), (137, 138), (144, 146), (151, 152), (167, 168), (238, 240), (241, 242), (248, 250), (251, 252)]
[(31, 32), (33, 83), (86, 88), (90, 91), (124, 125), (126, 127), (129, 130), (131, 132), (135, 136), (137, 139), (140, 141), (144, 145), (146, 147), (150, 151), (152, 154), (155, 158), (163, 164), (187, 188), (234, 235), (238, 239), (241, 249), (250, 252)]
[(31, 32), (34, 85), (86, 89), (90, 91), (120, 122), (126, 127), (128, 129), (132, 134), (135, 136), (146, 147), (148, 149), (153, 154), (155, 157), (161, 162), (238, 240), (241, 244), (245, 246), (251, 252), (253, 254), (255, 256)]
[(30, 32), (33, 87), (88, 90), (125, 126), (131, 133), (144, 145), (156, 157), (160, 162), (164, 165), (238, 246), (247, 251), (252, 253)]
[(31, 89), (128, 130), (132, 134), (135, 136), (143, 144), (148, 150), (155, 156), (161, 162), (189, 191), (239, 247), (248, 254), (255, 256)]
[(24, 25), (30, 31), (32, 85), (86, 87), (88, 89), (92, 93), (114, 115), (130, 132), (134, 136), (137, 138), (142, 144), (147, 148), (150, 151), (163, 164), (240, 241), (242, 243), (244, 246), (247, 251), (252, 253), (254, 256)]
[(25, 26), (29, 31), (32, 87), (88, 91), (92, 95), (129, 131), (132, 133), (137, 138), (139, 143), (148, 149), (158, 159), (164, 165), (168, 169), (239, 246), (249, 256)]
[(29, 94), (98, 99), (115, 116), (129, 131), (134, 135), (136, 141), (149, 150), (151, 152), (168, 169), (170, 171), (223, 224), (240, 245), (246, 247), (248, 249), (253, 256)]
[(27, 28), (30, 88), (89, 93), (94, 95), (97, 98), (99, 101), (102, 103), (104, 105), (109, 110), (113, 115), (132, 133), (135, 137), (140, 142), (155, 156), (157, 160), (169, 171), (190, 191), (238, 239), (240, 242), (244, 246), (247, 251), (255, 256)]
[(30, 95), (96, 100), (101, 104), (110, 111), (118, 119), (128, 129), (130, 131), (137, 138), (140, 141), (143, 146), (151, 152), (156, 159), (160, 162), (165, 166), (167, 171), (179, 180), (182, 183), (186, 187), (189, 190), (240, 244), (247, 248), (249, 250), (251, 252)]
[(30, 31), (32, 105), (107, 108), (109, 112), (113, 114), (117, 118), (120, 121), (123, 124), (131, 132), (137, 138), (142, 143), (146, 148), (149, 150), (152, 153), (156, 157), (160, 165), (166, 167), (168, 170), (172, 173), (176, 180), (225, 226), (227, 229), (240, 243), (244, 245), (247, 250), (254, 255)]
[(26, 27), (28, 29), (30, 106), (107, 111), (112, 113), (115, 118), (119, 120), (121, 122), (131, 132), (142, 143), (145, 146), (153, 155), (160, 161), (165, 166), (225, 226), (239, 240), (241, 243), (247, 250), (251, 254)]
[(27, 28), (29, 106), (131, 134), (141, 143), (145, 146), (148, 149), (167, 168), (170, 171), (224, 225), (238, 239), (241, 242), (243, 244), (245, 254), (255, 256)]
[(26, 27), (30, 31), (33, 102), (103, 104), (106, 109), (114, 115), (118, 119), (120, 121), (133, 134), (138, 139), (142, 144), (152, 155), (156, 157), (159, 161), (164, 166), (170, 171), (182, 186), (225, 226), (240, 241), (242, 245), (246, 249), (253, 254), (255, 256)]
[(24, 25), (26, 27), (28, 97), (98, 108), (116, 118), (139, 140), (143, 146), (147, 148), (149, 150), (158, 159), (160, 161), (165, 166), (169, 170), (171, 172), (223, 225), (236, 240), (242, 244), (246, 247), (249, 250), (251, 256)]
[(26, 27), (30, 107), (111, 112), (115, 116), (117, 120), (123, 124), (140, 142), (147, 148), (150, 151), (153, 154), (158, 159), (166, 167), (169, 170), (186, 187), (228, 229), (237, 243), (244, 245), (246, 248), (249, 251), (253, 254), (255, 256)]
[(28, 98), (99, 101), (103, 107), (111, 113), (115, 120), (137, 138), (140, 141), (142, 143), (151, 152), (158, 160), (169, 172), (186, 187), (226, 227), (236, 237), (240, 241), (242, 243), (247, 251), (253, 255)]
[(26, 29), (30, 31), (32, 108), (111, 118), (121, 123), (124, 125), (126, 127), (140, 141), (144, 145), (146, 147), (148, 149), (151, 152), (161, 162), (167, 170), (225, 227), (237, 238), (242, 244), (246, 247), (250, 253)]
[(25, 26), (27, 116), (117, 126), (141, 143), (145, 146), (150, 152), (156, 158), (164, 165), (168, 169), (223, 228), (229, 230), (233, 234), (237, 244), (246, 247), (252, 253)]
[(26, 126), (147, 148), (149, 151), (157, 158), (161, 162), (163, 165), (167, 168), (186, 188), (225, 228), (231, 233), (237, 241), (243, 244), (245, 246), (247, 249), (251, 252), (255, 256)]
[(25, 123), (125, 127), (148, 149), (152, 153), (154, 155), (157, 158), (159, 160), (162, 163), (168, 169), (171, 172), (181, 186), (225, 227), (228, 229), (231, 233), (237, 239), (240, 241), (243, 246), (251, 252), (254, 256)]
[(23, 24), (25, 121), (124, 127), (143, 144), (148, 149), (151, 153), (154, 155), (156, 157), (164, 165), (168, 169), (171, 172), (173, 175), (215, 218), (224, 229), (231, 232), (233, 235), (237, 239), (241, 242), (245, 246), (248, 249), (251, 252)]
[(26, 27), (28, 124), (150, 151), (152, 154), (156, 157), (161, 163), (164, 167), (173, 174), (176, 177), (214, 217), (223, 225), (227, 231), (232, 233), (235, 236), (237, 239), (240, 243), (247, 248), (250, 251)]
[(23, 122), (123, 124), (153, 154), (158, 159), (160, 161), (163, 164), (165, 168), (169, 170), (171, 174), (192, 193), (214, 215), (220, 221), (222, 227), (228, 229), (230, 234), (235, 237), (238, 240), (241, 245), (254, 255)]
[(24, 26), (27, 121), (166, 168), (169, 171), (173, 174), (221, 222), (223, 224), (225, 231), (237, 239), (240, 241), (245, 246), (250, 252)]
[(22, 23), (25, 119), (120, 121), (124, 125), (126, 127), (128, 129), (165, 167), (173, 175), (215, 216), (219, 220), (221, 222), (223, 228), (229, 230), (231, 238), (243, 246)]
[(21, 22), (24, 123), (125, 126), (127, 128), (143, 145), (154, 155), (159, 160), (166, 168), (171, 174), (215, 216), (218, 220), (223, 225), (227, 229), (230, 239), (244, 245), (251, 252)]
[(21, 129), (141, 144), (146, 148), (150, 152), (166, 167), (168, 169), (171, 173), (174, 175), (207, 208), (210, 211), (221, 225), (230, 238), (240, 242), (245, 247), (255, 256)]
[(23, 24), (25, 127), (128, 129), (147, 156), (162, 163), (165, 170), (174, 175), (199, 200), (203, 204), (208, 210), (212, 214), (217, 220), (221, 226), (233, 236), (237, 242), (246, 247), (249, 250), (254, 255)]
[(20, 21), (22, 24), (25, 131), (133, 134), (135, 136), (138, 141), (144, 145), (147, 149), (151, 152), (153, 156), (161, 163), (164, 169), (172, 175), (183, 184), (185, 186), (198, 200), (206, 208), (209, 214), (217, 218), (221, 226), (234, 242), (243, 244), (249, 254), (255, 256)]
[(22, 137), (138, 141), (142, 143), (162, 163), (165, 176), (191, 192), (195, 196), (198, 201), (203, 205), (206, 208), (210, 216), (219, 228), (234, 236), (244, 245), (246, 247), (249, 251), (252, 253)]
[(20, 21), (22, 137), (144, 148), (152, 153), (162, 163), (164, 167), (168, 169), (170, 175), (194, 195), (196, 197), (198, 199), (201, 202), (205, 208), (209, 215), (219, 225), (226, 229), (235, 238), (241, 242), (245, 246), (248, 250), (252, 253), (254, 255)]
[(20, 22), (23, 128), (129, 137), (145, 146), (162, 163), (165, 167), (168, 175), (196, 197), (198, 200), (202, 209), (210, 213), (214, 215), (219, 228), (235, 239), (244, 246), (247, 248), (249, 250), (253, 256)]
[(18, 19), (20, 133), (134, 135), (137, 138), (141, 142), (145, 146), (155, 156), (158, 159), (162, 163), (165, 167), (168, 175), (196, 197), (199, 200), (202, 207), (210, 215), (220, 225), (226, 228), (235, 238), (239, 240), (241, 242), (244, 246), (247, 254), (255, 256)]
[(15, 16), (18, 19), (20, 132), (133, 134), (153, 154), (155, 156), (158, 159), (162, 163), (168, 171), (172, 175), (199, 201), (204, 206), (207, 208), (209, 215), (221, 228), (236, 241), (243, 250), (251, 255)]
[(21, 130), (131, 132), (149, 150), (153, 154), (166, 167), (168, 169), (170, 176), (199, 201), (202, 203), (204, 207), (209, 214), (220, 223), (226, 228), (236, 241), (243, 247), (248, 249), (250, 255)]
[(20, 128), (149, 150), (168, 175), (200, 201), (202, 208), (209, 214), (220, 221), (222, 223), (224, 225), (226, 228), (238, 239), (243, 246), (247, 256)]
[(19, 128), (149, 150), (166, 167), (168, 175), (203, 208), (209, 213), (218, 219), (222, 225), (226, 228), (237, 238), (243, 245), (247, 256)]
[(19, 127), (168, 175), (194, 195), (199, 201), (202, 208), (210, 211), (220, 223), (224, 225), (235, 240), (241, 245), (248, 256)]
[(16, 17), (18, 125), (126, 127), (165, 167), (168, 176), (182, 183), (186, 187), (194, 195), (199, 207), (217, 224), (225, 228), (231, 237), (244, 246), (248, 250), (251, 256)]
[(16, 17), (18, 126), (132, 134), (165, 167), (168, 175), (181, 183), (186, 188), (189, 190), (193, 195), (196, 198), (200, 210), (217, 222), (225, 230), (239, 240), (245, 246), (247, 250), (251, 256)]
[(17, 127), (128, 129), (133, 134), (165, 167), (168, 175), (182, 184), (185, 186), (189, 190), (193, 195), (196, 199), (200, 209), (216, 221), (224, 230), (232, 237), (239, 240), (242, 243), (244, 256)]
[(15, 16), (17, 128), (129, 130), (165, 166), (168, 175), (194, 195), (196, 197), (198, 199), (200, 209), (210, 211), (213, 221), (225, 229), (234, 237), (244, 251), (253, 256)]
[(17, 127), (168, 176), (194, 195), (197, 210), (211, 215), (216, 218), (220, 221), (236, 240), (243, 252), (253, 256)]
[(14, 15), (16, 127), (128, 129), (165, 166), (168, 176), (196, 197), (198, 208), (209, 210), (211, 217), (221, 224), (234, 240), (241, 252), (253, 255)]
[(15, 17), (18, 130), (165, 167), (168, 177), (196, 197), (199, 208), (209, 218), (220, 221), (223, 224), (234, 252), (253, 255)]
[(13, 14), (16, 129), (150, 151), (153, 154), (162, 163), (166, 167), (168, 176), (192, 193), (194, 195), (197, 207), (208, 220), (224, 225), (234, 255)]
[(15, 16), (17, 128), (152, 153), (162, 163), (165, 167), (168, 174), (175, 176), (200, 201), (202, 207), (209, 219), (232, 250), (254, 255)]
[(13, 15), (16, 130), (165, 167), (168, 176), (195, 196), (198, 201), (202, 219), (220, 221), (222, 223), (232, 249), (251, 252)]
[(13, 15), (16, 128), (152, 153), (154, 155), (165, 176), (194, 195), (199, 200), (201, 208), (209, 218), (221, 222), (223, 224), (230, 247), (248, 253), (254, 255)]
[(10, 12), (13, 130), (133, 134), (165, 167), (168, 174), (175, 176), (179, 180), (202, 203), (204, 217), (221, 223), (232, 251), (252, 254)]
[(14, 15), (16, 124), (125, 127), (128, 131), (132, 134), (135, 136), (152, 153), (162, 163), (165, 167), (168, 176), (179, 180), (197, 198), (199, 200), (202, 205), (206, 213), (215, 217), (218, 220), (221, 223), (227, 228), (232, 248), (249, 250), (251, 253)]
[(12, 13), (14, 127), (128, 129), (130, 131), (151, 152), (162, 163), (165, 176), (178, 179), (202, 203), (204, 205), (206, 207), (208, 213), (214, 217), (218, 219), (221, 222), (231, 251), (253, 254), (255, 256)]
[(10, 11), (12, 128), (151, 153), (158, 159), (165, 176), (178, 179), (184, 185), (195, 196), (202, 203), (204, 206), (207, 209), (210, 213), (215, 217), (218, 219), (231, 251)]
[(10, 11), (12, 13), (14, 128), (129, 130), (137, 138), (145, 146), (151, 152), (162, 163), (165, 176), (177, 179), (195, 196), (197, 198), (199, 200), (208, 209), (210, 212), (213, 215), (216, 217), (218, 219), (231, 249), (251, 252), (254, 255)]
[(12, 128), (130, 131), (145, 146), (149, 150), (151, 152), (153, 154), (165, 176), (178, 179), (195, 196), (201, 204), (205, 206), (210, 212), (213, 220), (231, 250), (252, 253), (255, 256)]
[(9, 10), (12, 135), (146, 147), (148, 149), (151, 153), (157, 158), (164, 176), (184, 185), (195, 196), (203, 204), (207, 209), (213, 219), (231, 234), (235, 250), (252, 253), (255, 256)]
[(11, 134), (147, 151), (152, 153), (154, 155), (156, 157), (165, 176), (177, 178), (195, 196), (208, 209), (210, 211), (213, 219), (232, 233), (236, 246), (248, 250), (251, 252), (253, 254)]
[(11, 133), (148, 151), (153, 154), (162, 163), (165, 176), (177, 178), (181, 182), (201, 202), (203, 205), (210, 211), (213, 219), (235, 244), (245, 249)]
[(9, 135), (139, 140), (145, 146), (147, 151), (152, 153), (165, 176), (204, 205), (213, 214), (215, 218), (235, 242), (243, 247), (250, 252)]
[(8, 137), (144, 145), (148, 151), (165, 176), (215, 219), (235, 241), (242, 247), (248, 249), (250, 251)]
[(8, 11), (12, 132), (133, 134), (146, 147), (148, 150), (151, 153), (165, 176), (210, 211), (215, 216), (217, 219), (233, 241), (242, 248), (249, 250)]
[(10, 124), (126, 133), (145, 146), (147, 150), (165, 176), (203, 204), (210, 212), (217, 218), (235, 238), (239, 241), (242, 245), (246, 247), (249, 251)]
[(7, 131), (132, 133), (148, 151), (165, 175), (182, 183), (210, 211), (217, 218), (237, 238), (239, 241), (242, 244), (245, 248), (249, 250)]
[(8, 129), (130, 131), (145, 147), (149, 151), (165, 166), (167, 170), (171, 175), (180, 182), (216, 217), (224, 225), (238, 241), (242, 243), (244, 245)]
[(6, 7), (8, 129), (137, 138), (139, 140), (145, 147), (148, 152), (165, 166), (167, 171), (172, 175), (216, 217), (222, 225), (244, 247), (249, 252)]
[(5, 6), (7, 124), (125, 128), (145, 149), (162, 163), (165, 166), (167, 168), (169, 173), (174, 175), (220, 221), (223, 225), (228, 229), (244, 246), (247, 248), (249, 252)]
[(7, 124), (125, 127), (146, 147), (148, 152), (162, 163), (166, 168), (169, 170), (171, 174), (218, 220), (223, 225), (244, 246), (248, 250), (252, 253)]
[(6, 111), (112, 123), (124, 129), (145, 152), (158, 159), (168, 172), (173, 174), (175, 176), (218, 220), (222, 224), (243, 245), (248, 251), (252, 253), (254, 255)]
[(3, 4), (5, 6), (7, 8), (9, 130), (136, 137), (145, 153), (160, 161), (166, 168), (169, 172), (173, 174), (218, 220), (222, 223), (226, 227), (239, 240), (241, 242), (243, 244), (246, 247), (248, 249), (250, 252)]
[(3, 4), (5, 6), (7, 129), (147, 148), (149, 153), (162, 163), (165, 166), (167, 170), (171, 172), (174, 175), (218, 219), (223, 225), (239, 240), (241, 242), (248, 250), (251, 252), (255, 256)]
[(6, 7), (8, 127), (137, 138), (139, 146), (162, 163), (166, 167), (169, 174), (218, 219), (224, 226), (227, 228), (239, 240), (244, 245), (246, 249), (250, 251), (254, 255)]
[(4, 7), (8, 128), (130, 131), (133, 134), (139, 140), (141, 142), (143, 145), (149, 150), (161, 163), (165, 173), (174, 175), (216, 217), (223, 225), (244, 247), (248, 249)]
[(4, 6), (7, 131), (133, 134), (145, 146), (153, 154), (162, 163), (165, 176), (211, 212), (218, 220), (223, 224), (248, 249), (250, 251)]
[(2, 3), (5, 7), (8, 125), (126, 131), (133, 134), (140, 146), (147, 148), (150, 151), (153, 154), (162, 163), (165, 171), (172, 175), (211, 212), (215, 218), (245, 246), (247, 248), (253, 254)]
[(5, 126), (127, 132), (133, 134), (138, 139), (140, 148), (149, 150), (151, 152), (161, 176), (177, 178), (214, 217), (219, 222), (240, 241)]
[(3, 8), (9, 131), (139, 140), (147, 149), (152, 155), (156, 161), (162, 163), (165, 176), (212, 214), (215, 223), (240, 241), (247, 248)]
[(2, 3), (4, 129), (135, 137), (140, 141), (148, 149), (150, 151), (155, 156), (158, 163), (165, 173), (174, 176), (215, 217), (219, 223), (240, 242), (246, 248)]
[(2, 3), (4, 129), (135, 136), (141, 142), (145, 147), (149, 152), (153, 154), (158, 159), (162, 163), (165, 172), (173, 176), (215, 217), (223, 224), (227, 228), (240, 241), (246, 247)]
[(0, 1), (2, 130), (132, 137), (142, 143), (144, 147), (148, 149), (150, 151), (162, 163), (164, 175), (178, 179), (184, 185), (217, 218), (221, 224), (241, 242)]
[(2, 5), (6, 130), (131, 133), (135, 137), (138, 139), (142, 143), (144, 145), (146, 147), (148, 153), (155, 156), (157, 159), (161, 163), (165, 176), (178, 179), (217, 221), (240, 241)]
[(3, 5), (6, 133), (135, 139), (140, 145), (148, 149), (154, 156), (158, 159), (160, 163), (164, 176), (178, 179), (219, 220), (222, 223), (240, 241)]
[(2, 131), (132, 134), (135, 142), (143, 146), (148, 149), (151, 156), (158, 159), (162, 163), (165, 176), (178, 179), (181, 182), (223, 224), (244, 245), (248, 249)]
[(1, 124), (125, 126), (127, 128), (129, 133), (134, 141), (142, 143), (144, 149), (150, 151), (154, 155), (156, 159), (162, 163), (164, 175), (181, 183), (221, 222), (235, 236), (249, 250), (251, 252)]
[(0, 139), (140, 148), (149, 152), (156, 157), (162, 175), (178, 179), (181, 182), (191, 192), (239, 240)]
[(0, 1), (3, 122), (123, 132), (133, 138), (139, 144), (145, 153), (155, 156), (158, 161), (162, 163), (164, 176), (178, 180), (185, 186), (221, 222)]
[(1, 2), (3, 6), (7, 123), (125, 138), (140, 144), (145, 156), (158, 159), (161, 176), (177, 178), (179, 180), (236, 237), (241, 242)]
[(0, 121), (122, 124), (125, 126), (127, 139), (140, 144), (145, 160), (161, 176), (177, 178), (180, 181), (185, 186), (191, 192), (193, 195)]
[(0, 1), (2, 122), (123, 126), (127, 134), (135, 156), (157, 158), (162, 174), (177, 178), (179, 182), (189, 191), (197, 198), (220, 221), (244, 247)]
[(0, 123), (124, 126), (127, 136), (137, 155), (158, 160), (161, 163), (164, 175), (177, 178), (185, 186), (189, 190), (191, 192), (235, 236), (237, 239), (245, 246)]
[(0, 116), (118, 134), (136, 157), (158, 159), (160, 175)]
[(0, 119), (121, 127), (128, 132), (133, 148), (149, 153), (154, 159), (162, 169), (170, 171), (172, 176), (177, 178), (179, 182), (185, 186)]
[(0, 114), (116, 126), (127, 128), (129, 136), (137, 140), (141, 152), (154, 157), (158, 163), (164, 175), (179, 181), (184, 186)]
[(0, 118), (119, 123), (124, 127), (128, 135), (136, 138), (140, 157), (159, 162), (163, 176), (178, 179), (213, 214), (233, 234)]
[(0, 112), (115, 119), (121, 126), (129, 135), (136, 137), (139, 153), (154, 159), (161, 162), (164, 174), (175, 176), (237, 238)]
[(0, 112), (115, 117), (118, 125), (126, 134), (135, 136), (138, 142), (143, 156), (160, 161), (162, 176), (178, 179), (180, 181), (185, 186), (213, 214), (248, 249)]
[(0, 113), (116, 117), (118, 125), (127, 133), (134, 137), (138, 139), (140, 143), (144, 152), (153, 159), (162, 178), (179, 180), (183, 185), (240, 241)]
[(0, 118), (120, 123), (125, 133), (134, 135), (141, 142), (143, 149), (150, 152), (153, 156), (157, 160), (162, 175), (176, 180), (183, 186), (238, 239)]
[(0, 107), (108, 117), (118, 134), (135, 136), (138, 139), (141, 154), (155, 159), (160, 161), (162, 175), (176, 181), (182, 184), (220, 221), (237, 238)]
[(0, 107), (108, 109), (110, 133), (137, 138), (141, 146), (147, 154), (155, 163), (164, 174), (175, 176), (177, 181), (183, 184), (185, 186), (229, 230)]
[(0, 108), (111, 113), (114, 115), (116, 121), (122, 130), (132, 133), (135, 136), (137, 138), (140, 142), (143, 149), (150, 152), (153, 156), (157, 160), (162, 180), (181, 182), (183, 184), (185, 187)]
[(0, 109), (111, 113), (114, 119), (120, 123), (124, 127), (128, 133), (134, 137), (139, 147), (149, 154), (155, 159), (160, 161), (163, 173), (174, 179), (180, 187)]
[(0, 106), (107, 111), (112, 116), (117, 132), (133, 152), (154, 159), (160, 163), (164, 175), (176, 179), (180, 181), (183, 187), (252, 253), (255, 256)]
[(0, 104), (105, 110), (112, 117), (118, 127), (129, 140), (141, 153), (154, 157), (160, 161), (162, 163), (164, 180), (181, 182), (183, 186)]
[(0, 102), (103, 110), (111, 129), (130, 153), (154, 157), (158, 161), (162, 163), (164, 175), (176, 182), (184, 187), (204, 205), (245, 246)]
[(0, 110), (111, 114), (115, 126), (128, 153), (155, 158), (160, 163), (164, 176), (177, 178), (179, 180), (182, 184)]
[(0, 102), (104, 126), (129, 130), (131, 148), (149, 156), (157, 159), (160, 162), (164, 174), (175, 181), (183, 185), (216, 217)]
[(0, 102), (103, 109), (110, 117), (118, 119), (120, 125), (128, 129), (130, 141), (142, 154), (155, 159), (160, 162), (164, 173), (174, 176), (177, 181), (183, 184), (206, 208), (209, 210), (255, 256)]
[(0, 104), (105, 128), (129, 134), (135, 146), (147, 156), (159, 160), (162, 178), (179, 181), (182, 184), (186, 187)]
[(0, 96), (97, 103), (105, 115), (116, 122), (123, 132), (135, 137), (138, 154), (155, 161), (164, 176), (177, 182), (186, 187), (233, 234)]
[(0, 101), (102, 105), (106, 120), (121, 122), (123, 128), (133, 135), (136, 140), (143, 153), (154, 158), (160, 163), (164, 182), (186, 187), (222, 223), (249, 250)]
[(0, 102), (106, 118), (121, 122), (123, 126), (127, 128), (132, 139), (143, 157), (160, 162), (163, 176), (177, 178), (179, 182), (186, 187), (226, 227), (230, 231), (238, 239), (240, 242), (246, 247), (249, 250)]
[(0, 100), (105, 117), (118, 125), (134, 139), (140, 155), (156, 158), (159, 162), (163, 176), (177, 178), (179, 180), (181, 182), (184, 185), (204, 205), (234, 235), (241, 242), (246, 247), (255, 256)]
[(0, 98), (105, 117), (118, 121), (122, 123), (125, 131), (132, 133), (134, 137), (138, 139), (140, 146), (147, 159), (160, 177), (178, 182), (183, 184), (186, 187), (204, 205), (208, 209), (215, 216)]
[(0, 100), (101, 102), (103, 121), (122, 123), (126, 127), (128, 143), (144, 146), (147, 158), (159, 176), (177, 180), (181, 183), (185, 188), (205, 206), (207, 208), (214, 215), (240, 241), (245, 246)]
[(0, 101), (102, 114), (115, 123), (124, 125), (126, 127), (128, 135), (136, 159), (161, 162), (164, 178), (179, 182), (183, 184), (186, 190), (191, 192), (208, 209), (221, 222), (225, 226), (230, 231), (245, 246)]
[(0, 104), (105, 110), (112, 133), (134, 137), (138, 142), (144, 160), (161, 162), (164, 177), (181, 182), (183, 184), (185, 188), (242, 243)]
[(0, 110), (112, 123), (124, 130), (131, 132), (133, 136), (138, 145), (146, 155), (157, 159), (161, 163), (164, 178), (179, 180), (181, 183), (187, 189), (204, 205), (228, 229)]
[(0, 109), (110, 124), (126, 133), (134, 141), (147, 148), (149, 155), (157, 160), (161, 163), (164, 173), (174, 179), (180, 182), (183, 184), (186, 191), (228, 229)]
[(0, 106), (108, 125), (126, 130), (131, 133), (136, 141), (147, 159), (160, 173), (174, 177), (178, 187), (188, 189), (191, 192), (207, 208), (221, 222), (236, 237)]
[(0, 103), (104, 105), (107, 128), (135, 136), (139, 144), (147, 156), (157, 158), (160, 169), (170, 173), (174, 176), (177, 178), (179, 188), (207, 208), (221, 222)]
[(0, 99), (102, 104), (106, 125), (129, 131), (132, 135), (137, 138), (139, 144), (146, 152), (153, 155), (157, 158), (159, 173), (174, 178), (181, 184), (186, 189), (210, 211)]
[(0, 80), (81, 86), (87, 92), (93, 97), (99, 101), (102, 109), (113, 124), (125, 130), (132, 135), (136, 144), (145, 146), (147, 156), (157, 159), (160, 163), (165, 166), (167, 176), (179, 185), (186, 191)]
[(0, 95), (96, 97), (99, 111), (114, 124), (125, 126), (127, 128), (132, 133), (134, 135), (137, 142), (143, 145), (146, 162), (164, 171), (174, 178), (179, 188), (189, 190), (202, 203), (206, 207), (221, 222)]
[(0, 90), (91, 92), (94, 96), (97, 112), (115, 124), (125, 130), (131, 133), (134, 136), (137, 139), (140, 148), (149, 152), (153, 157), (159, 165), (166, 172), (173, 174), (175, 177), (178, 184), (186, 190)]
[(0, 77), (78, 91), (92, 93), (94, 96), (98, 105), (106, 107), (108, 111), (114, 126), (127, 136), (137, 143), (144, 145), (146, 148), (149, 152), (155, 156), (158, 159), (160, 162), (164, 165), (167, 170), (171, 174), (175, 177), (178, 184), (186, 191)]
[(0, 88), (89, 90), (94, 113), (114, 118), (119, 120), (121, 123), (124, 137), (138, 144), (145, 147), (148, 152), (155, 157), (158, 162), (163, 166), (167, 168), (169, 172), (174, 176), (177, 179), (182, 184), (185, 188)]
[(0, 91), (96, 119), (121, 133), (134, 136), (137, 144), (145, 152), (153, 157), (158, 163), (166, 167), (168, 169), (170, 173), (174, 176), (179, 183), (185, 189)]
[(0, 76), (77, 86), (89, 91), (93, 95), (99, 105), (106, 110), (111, 123), (124, 126), (127, 138), (139, 142), (144, 147), (149, 153), (155, 159), (160, 161), (162, 163), (164, 166), (167, 173), (174, 178), (180, 184), (185, 187)]
[(0, 83), (85, 87), (90, 92), (93, 96), (97, 124), (125, 136), (137, 145), (146, 147), (149, 154), (156, 159), (160, 161), (163, 164), (165, 166), (168, 170), (171, 175), (177, 178), (179, 180), (181, 184), (186, 187)]
[(0, 83), (85, 90), (91, 105), (106, 108), (110, 118), (119, 123), (124, 134), (135, 137), (138, 140), (142, 143), (146, 147), (149, 151), (152, 153), (154, 161), (165, 166), (171, 172), (177, 178), (179, 182), (184, 185), (188, 190)]
[(0, 80), (83, 103), (104, 117), (118, 123), (124, 130), (132, 135), (136, 138), (139, 140), (142, 145), (147, 152), (153, 161), (163, 164), (167, 168), (172, 177), (178, 187), (188, 189)]
[(0, 70), (71, 77), (81, 84), (86, 93), (94, 103), (105, 121), (122, 129), (130, 134), (138, 144), (146, 148), (149, 150), (151, 153), (156, 157), (158, 161), (169, 171), (174, 175), (179, 184), (185, 188)]
[(0, 76), (77, 78), (79, 86), (87, 94), (95, 108), (110, 131), (133, 137), (138, 139), (141, 144), (145, 146), (148, 156), (157, 162), (163, 164), (167, 168), (173, 176), (179, 190), (192, 195), (196, 197)]
[(0, 75), (78, 79), (80, 84), (85, 86), (87, 90), (91, 99), (100, 102), (103, 109), (110, 122), (123, 125), (127, 129), (133, 136), (138, 143), (147, 152), (154, 158), (159, 161), (163, 164), (167, 168), (169, 170), (174, 175), (176, 177), (180, 184), (185, 189), (190, 197), (199, 201)]
[(0, 64), (65, 72), (76, 84), (86, 87), (88, 89), (94, 98), (99, 116), (117, 119), (120, 123), (124, 125), (126, 129), (130, 135), (138, 139), (141, 143), (148, 157), (158, 161), (174, 175), (177, 178), (179, 182), (184, 195), (198, 199)]
[(0, 69), (75, 77), (79, 82), (83, 85), (87, 88), (91, 106), (109, 115), (117, 123), (124, 126), (130, 137), (138, 139), (140, 141), (142, 143), (146, 147), (148, 152), (153, 154), (155, 156), (157, 158), (159, 162), (163, 164), (171, 172), (174, 178), (179, 183), (184, 194)]
[(0, 68), (70, 71), (72, 73), (75, 82), (87, 89), (92, 108), (109, 111), (112, 114), (116, 118), (120, 124), (125, 129), (132, 137), (139, 141), (145, 148), (150, 158), (159, 161), (163, 164), (170, 171), (173, 179), (180, 184), (186, 188)]
[(0, 66), (67, 70), (71, 74), (76, 82), (83, 84), (87, 92), (93, 97), (100, 101), (102, 107), (108, 111), (112, 114), (119, 123), (125, 127), (128, 131), (133, 135), (137, 138), (139, 141), (145, 146), (149, 150), (151, 152), (154, 156), (157, 158), (159, 162), (177, 179), (180, 182), (183, 187)]
[(0, 65), (66, 67), (71, 74), (75, 98), (101, 106), (107, 116), (119, 124), (125, 136), (137, 138), (139, 140), (148, 149), (150, 152), (154, 156), (159, 161), (174, 176), (177, 179), (180, 181)]
[(0, 67), (68, 70), (71, 74), (75, 89), (90, 96), (97, 98), (99, 116), (120, 123), (125, 132), (133, 135), (137, 138), (139, 140), (148, 155), (159, 161), (162, 164), (170, 171), (174, 175), (177, 179), (180, 182), (183, 186)]
[(0, 63), (64, 66), (67, 74), (75, 77), (78, 86), (87, 91), (92, 105), (106, 116), (120, 123), (125, 132), (134, 135), (147, 149), (150, 152), (154, 156), (158, 162), (163, 164), (169, 170), (171, 172), (173, 176), (177, 179), (180, 182), (186, 187)]
[(0, 65), (70, 72), (75, 80), (81, 82), (83, 99), (100, 107), (108, 117), (120, 123), (125, 131), (132, 133), (150, 156), (158, 162), (163, 164), (173, 175), (177, 179), (181, 182), (185, 187)]
[(0, 67), (68, 73), (74, 81), (82, 115), (116, 123), (125, 130), (132, 134), (136, 137), (150, 156), (158, 162), (163, 164), (167, 168), (171, 172), (174, 175), (176, 177), (182, 183)]
[(0, 62), (64, 66), (68, 73), (74, 101), (102, 115), (117, 122), (124, 127), (128, 131), (133, 134), (135, 136), (142, 143), (149, 156), (159, 162), (175, 177)]
[(0, 66), (67, 96), (97, 117), (118, 122), (125, 126), (128, 130), (131, 132), (135, 137), (147, 155), (158, 162), (165, 166), (172, 173), (178, 179)]
[(0, 64), (67, 81), (82, 88), (89, 115), (116, 121), (128, 129), (148, 149), (150, 153), (154, 156), (158, 160), (168, 170)]
[(0, 121), (124, 125), (136, 138), (151, 152), (177, 178)]
[(0, 64), (65, 118), (119, 120), (134, 138), (177, 178)]
[(0, 62), (64, 70), (71, 73), (75, 120), (122, 124), (128, 129), (131, 138), (176, 177)]
[(0, 84), (85, 89), (90, 120), (122, 123), (125, 126), (128, 136), (158, 159), (167, 168), (175, 176), (177, 178)]
[(0, 87), (88, 99), (100, 111), (112, 121), (122, 124), (125, 126), (128, 132), (133, 138)]
[(0, 76), (77, 82), (83, 94), (97, 98), (99, 114), (117, 124), (127, 132), (134, 135), (145, 146)]
[(0, 76), (77, 114), (120, 122), (131, 132), (134, 135), (138, 139)]
[(0, 99), (100, 102), (104, 106), (113, 114), (116, 117), (118, 119), (121, 124), (125, 126), (133, 134), (143, 144)]
[(0, 98), (99, 101), (102, 103), (123, 124), (128, 129), (135, 136), (143, 144), (164, 165), (177, 178), (179, 180), (181, 182)]
[(0, 93), (94, 97), (100, 101), (119, 120), (123, 125), (129, 130), (137, 138), (144, 145), (171, 172), (178, 179)]
[(0, 103), (130, 131), (133, 134), (145, 146), (176, 177), (178, 179)]
[(0, 92), (93, 95), (96, 98), (99, 102), (108, 109), (125, 126), (137, 138), (172, 173), (176, 177)]
[(0, 88), (89, 90), (97, 98), (104, 106), (109, 110), (126, 128), (133, 134), (135, 136)]
[(0, 86), (91, 92), (103, 105), (108, 109), (116, 117), (125, 127), (130, 132), (133, 134), (176, 177)]
[(0, 76), (77, 87), (91, 92), (115, 116), (118, 119), (178, 179)]
[(0, 75), (78, 85), (96, 97), (102, 104), (117, 119), (121, 122)]
[(0, 72), (74, 75), (78, 80), (81, 85), (118, 119), (121, 122), (123, 124), (177, 178)]
[(0, 73), (78, 79), (84, 86), (96, 97), (119, 120), (121, 122), (124, 125), (134, 135), (144, 145)]
[(0, 73), (76, 77), (78, 79), (84, 85), (95, 96), (123, 124), (130, 131), (181, 182)]
[(0, 72), (78, 80), (97, 98), (124, 125), (126, 127), (130, 131), (134, 138), (139, 140), (160, 161), (180, 181)]
[(0, 67), (68, 70), (77, 79), (107, 108), (121, 123), (126, 127), (129, 130), (141, 142), (180, 181)]
[(0, 59), (63, 64), (65, 66), (69, 71), (87, 88), (96, 97), (113, 114), (123, 124), (125, 126), (128, 129), (177, 178), (181, 182)]
[(0, 59), (62, 64), (83, 84), (87, 90), (91, 92), (106, 107), (119, 121), (122, 126), (128, 130), (145, 146)]
[(0, 47), (50, 58), (79, 80), (83, 85), (87, 93), (106, 107), (111, 112), (116, 117), (119, 121), (123, 124), (180, 181), (182, 183)]
[(0, 47), (52, 53), (54, 58), (79, 80), (86, 88), (89, 90), (92, 93), (106, 107), (116, 117), (119, 121), (124, 127), (142, 143), (144, 148), (150, 151), (178, 183), (185, 188)]
[(0, 48), (53, 54), (55, 58), (63, 64), (78, 79), (88, 92), (104, 107), (109, 110), (115, 117), (123, 125), (127, 128), (132, 133), (161, 162), (179, 180), (182, 184)]
[(0, 39), (43, 49), (53, 54), (57, 58), (61, 62), (78, 82), (87, 88), (89, 91), (106, 107), (108, 109), (115, 116), (123, 124), (125, 126), (127, 128), (179, 182)]
[(0, 38), (42, 44), (52, 53), (56, 57), (63, 64), (77, 78), (89, 90), (91, 93), (104, 108), (109, 111), (117, 118), (120, 121), (122, 123), (124, 125), (131, 132), (159, 160), (173, 175), (179, 182), (183, 184), (186, 187)]
[(0, 38), (43, 44), (47, 48), (57, 58), (79, 81), (89, 95), (96, 97), (98, 99), (104, 106), (107, 108), (110, 111), (114, 118), (119, 121), (123, 126), (174, 175), (176, 177), (178, 179), (182, 183)]
[(0, 37), (38, 40), (45, 46), (52, 53), (57, 58), (79, 81), (90, 93), (94, 95), (96, 98), (108, 109), (112, 113), (114, 115), (116, 117), (120, 121), (123, 125), (130, 131), (177, 178), (181, 183)]
[(0, 35), (37, 38), (40, 41), (53, 54), (73, 74), (81, 83), (89, 93), (94, 98), (99, 100), (104, 106), (107, 110), (112, 114), (122, 123), (152, 153), (182, 184)]
[(0, 34), (39, 40), (45, 47), (53, 54), (59, 60), (62, 63), (66, 67), (80, 83), (86, 87), (89, 93), (94, 98), (103, 110), (111, 114), (115, 117), (122, 123), (125, 126), (140, 141), (176, 177)]
[(0, 33), (35, 36), (49, 50), (57, 60), (72, 74), (77, 78), (81, 83), (87, 88), (89, 92), (93, 100), (103, 106), (107, 110), (111, 117), (121, 124), (182, 183)]
[(0, 31), (34, 35), (53, 54), (81, 84), (140, 142), (144, 145), (180, 181), (182, 183)]
[(0, 32), (34, 35), (47, 48), (54, 55), (58, 59), (70, 71), (73, 75), (78, 79), (82, 85), (90, 93), (94, 99), (105, 106), (109, 116), (122, 123), (124, 125), (131, 132), (135, 141), (153, 156), (159, 160), (162, 163), (180, 182), (183, 185)]
[(0, 34), (47, 49), (54, 56), (65, 66), (73, 74), (82, 83), (84, 86), (90, 93), (94, 98), (104, 107), (108, 113), (115, 116), (117, 118), (120, 121), (180, 181)]
[(0, 36), (48, 49), (55, 56), (79, 80), (81, 83), (84, 85), (86, 87), (88, 89), (91, 93), (95, 98), (103, 104), (105, 110), (111, 116), (117, 118), (120, 121), (124, 125), (159, 160), (180, 182), (183, 185), (187, 189)]
[(0, 36), (73, 75), (80, 81), (83, 85), (86, 87), (89, 90), (91, 93), (94, 98), (103, 104), (105, 106), (107, 116), (117, 119), (120, 121), (122, 125), (177, 178), (179, 181), (182, 183)]
[(0, 34), (35, 36), (55, 57), (73, 75), (83, 85), (87, 91), (92, 99), (104, 106), (107, 116), (117, 120), (178, 179), (185, 186)]
[(0, 31), (40, 41), (45, 46), (64, 66), (84, 87), (88, 92), (95, 96), (97, 98), (105, 106), (107, 119), (175, 177), (180, 181), (183, 184)]
[(0, 31), (41, 42), (46, 47), (55, 56), (178, 179), (181, 182)]
[(0, 31), (42, 43), (45, 46), (71, 72), (74, 75), (78, 79), (84, 85), (86, 87), (91, 95), (96, 102), (105, 113), (114, 117), (118, 121), (122, 131), (132, 148), (154, 155), (158, 159), (181, 184)]
[(0, 30), (51, 52), (53, 54), (63, 64), (85, 86), (89, 92), (93, 100), (101, 102), (105, 113), (114, 119), (120, 121), (122, 123), (179, 181)]
[(0, 30), (32, 33), (39, 40), (43, 44), (54, 55), (71, 72), (85, 86), (87, 88), (89, 90), (91, 97), (98, 99), (101, 102), (105, 106), (107, 119), (121, 122), (176, 177), (182, 183)]
[(0, 32), (43, 46), (70, 71), (80, 81), (88, 89), (90, 91), (92, 95), (96, 97), (98, 99), (103, 104), (106, 118), (122, 123), (180, 182)]
[(0, 32), (44, 47), (57, 58), (59, 60), (85, 86), (90, 95), (96, 99), (104, 105), (106, 117), (121, 122), (144, 145), (180, 183)]
[(0, 36), (38, 40), (43, 47), (56, 57), (71, 72), (90, 98), (105, 116), (145, 146), (176, 177)]
[(0, 36), (44, 45), (57, 60), (72, 73), (91, 96), (106, 117), (118, 120), (144, 145)]
[(0, 35), (37, 38), (40, 46), (58, 60), (92, 94), (104, 117), (119, 120), (145, 146)]
[(0, 36), (37, 45), (60, 61), (72, 73), (87, 90), (91, 93), (103, 104), (105, 121), (128, 129), (139, 140), (141, 142), (181, 182)]
[(0, 46), (50, 51), (81, 82), (91, 93), (102, 103), (105, 106), (108, 109), (110, 115), (116, 118), (119, 121), (170, 171)]
[(0, 47), (48, 49), (82, 83), (86, 87), (93, 94), (103, 104), (105, 107), (108, 109), (110, 116), (120, 121), (129, 130), (147, 149)]
[(0, 42), (44, 51), (83, 84), (86, 87), (94, 95), (97, 99), (106, 114), (154, 156)]
[(0, 41), (45, 46), (48, 50), (82, 83), (92, 93), (109, 110), (111, 114), (127, 128), (147, 148), (149, 150), (183, 184)]
[(0, 41), (42, 43), (48, 49), (65, 66), (76, 77), (81, 82), (85, 86), (106, 108), (111, 112), (139, 140), (150, 151), (177, 178)]
[(0, 37), (47, 49), (50, 51), (64, 65), (77, 78), (79, 82), (92, 96), (104, 106), (109, 110), (115, 116), (140, 141), (142, 144), (147, 148), (149, 150), (153, 154), (163, 164), (185, 186)]
[(0, 38), (50, 51), (82, 83), (93, 94), (139, 141)]
[(0, 39), (92, 93), (104, 105), (106, 107), (109, 111), (113, 114), (125, 130), (132, 137), (138, 140), (146, 147), (148, 149), (158, 159), (183, 184)]
[(0, 38), (44, 45), (62, 63), (91, 94), (105, 107), (108, 110), (115, 117), (120, 121), (138, 139), (177, 178), (183, 184)]
[(0, 36), (45, 46), (89, 90), (104, 105), (139, 141), (142, 143), (156, 157), (159, 160), (161, 162), (166, 167)]
[(0, 40), (45, 46), (50, 51), (77, 78), (92, 93), (94, 95), (100, 101), (125, 127), (135, 136), (140, 142), (143, 145), (152, 154), (167, 168), (169, 170), (178, 179)]
[(0, 42), (46, 49), (75, 76), (93, 95), (99, 101), (111, 112), (114, 115), (133, 134), (135, 136), (142, 143), (149, 150), (154, 155)]
[(0, 42), (45, 49), (50, 52), (56, 57), (76, 77), (90, 91), (92, 93), (100, 102), (103, 105), (109, 110), (112, 113), (121, 123), (125, 126), (128, 129), (136, 137), (144, 145), (166, 167), (177, 178)]
[(0, 48), (51, 54), (56, 57), (81, 84), (91, 94), (102, 104), (113, 115), (133, 134), (135, 137), (142, 143), (156, 157), (185, 186)]
[(0, 55), (91, 93), (101, 102), (103, 104), (111, 113), (129, 130), (140, 142), (143, 144), (145, 146), (147, 148), (151, 152), (167, 168), (185, 186)]
[(0, 56), (58, 60), (71, 72), (91, 93), (99, 101), (102, 103), (106, 107), (110, 111), (113, 114), (119, 121), (124, 125), (127, 128), (147, 152), (163, 164), (166, 167), (171, 172), (185, 186)]
[(0, 59), (61, 62), (92, 93), (98, 101), (102, 104), (112, 114), (117, 118), (121, 122), (157, 159), (163, 164), (169, 170), (171, 172), (184, 186)]
[(0, 61), (100, 102), (110, 113), (116, 119), (140, 141), (154, 155), (157, 158), (160, 162), (164, 165), (166, 168), (169, 170), (185, 186)]
[(0, 61), (70, 71), (79, 80), (83, 84), (98, 103), (113, 114), (116, 119), (120, 122), (127, 128), (153, 158), (159, 161), (163, 164), (184, 185)]
[(0, 61), (80, 81), (82, 83), (96, 98), (99, 104), (111, 112), (117, 119), (128, 129), (151, 152), (155, 156), (163, 164), (184, 185)]
[(0, 60), (71, 72), (84, 85), (98, 99), (101, 102), (106, 107), (113, 114), (117, 119), (120, 121), (129, 130), (131, 132), (136, 137), (142, 143), (173, 174), (184, 185)]
[(0, 59), (71, 72), (80, 83), (84, 85), (101, 104), (105, 106), (107, 108), (112, 115), (116, 121), (160, 161)]
[(0, 61), (73, 75), (78, 79), (82, 84), (91, 92), (96, 98), (101, 109), (110, 111), (114, 119), (152, 153), (164, 165)]
[(0, 60), (71, 72), (88, 89), (102, 103), (112, 114), (116, 120), (129, 130), (154, 155), (168, 169), (182, 183)]
[(0, 62), (64, 65), (68, 70), (77, 78), (79, 80), (82, 84), (93, 96), (99, 100), (113, 114), (156, 157), (161, 164)]
[(0, 69), (75, 76), (79, 80), (82, 85), (95, 101), (108, 110), (114, 120), (134, 135), (136, 139), (140, 148), (149, 152), (154, 155)]
[(0, 70), (78, 79), (80, 81), (83, 86), (94, 95), (96, 97), (100, 101), (108, 109), (114, 116), (119, 122), (156, 157)]
[(0, 53), (54, 70), (80, 81), (91, 92), (93, 94), (99, 102), (112, 113), (115, 116), (117, 118), (119, 120), (122, 124), (157, 158)]
[(0, 72), (78, 82), (84, 85), (93, 95), (100, 101), (107, 108), (113, 114), (115, 120), (129, 130), (139, 140), (171, 172)]
[(0, 74), (79, 82), (84, 86), (93, 95), (107, 108), (113, 114), (115, 117), (119, 120), (138, 139), (179, 180), (185, 186)]
[(0, 53), (54, 77), (79, 83), (84, 86), (93, 96), (106, 108), (118, 119), (142, 143), (171, 174), (175, 176)]
[(0, 79), (84, 86), (87, 88), (94, 96), (107, 108), (116, 117), (118, 119), (128, 129), (131, 132), (137, 138), (139, 140), (172, 175)]
[(0, 88), (93, 97), (101, 102), (117, 119), (120, 122), (135, 136), (174, 176), (181, 182), (185, 186), (188, 189)]
[(0, 51), (52, 89), (96, 97), (101, 102), (107, 109), (116, 120), (129, 130), (133, 134), (141, 142), (182, 183)]
[(0, 54), (55, 92), (96, 98), (101, 102), (116, 121), (132, 133), (137, 138), (157, 158)]
[(0, 95), (97, 99), (102, 104), (113, 114), (117, 121), (172, 173)]
[(0, 86), (87, 97), (100, 101), (102, 104), (117, 118), (145, 146), (158, 159), (170, 171)]
[(0, 99), (100, 104), (144, 145), (148, 149), (152, 153), (160, 162)]
[(0, 95), (96, 97), (98, 100), (103, 105), (106, 109), (142, 143), (164, 166), (170, 171), (175, 177)]
[(0, 87), (88, 98), (99, 100), (101, 102), (103, 109), (142, 144)]
[(0, 84), (85, 102), (103, 105), (106, 111), (112, 113), (115, 116), (143, 144), (147, 148), (153, 155), (158, 160)]
[(0, 86), (87, 88), (89, 93), (94, 99), (100, 102), (105, 107), (108, 111), (112, 113), (152, 153), (159, 160), (163, 164)]
[(0, 62), (63, 103), (105, 108), (111, 112), (113, 114), (151, 152), (162, 163), (165, 166), (168, 169), (175, 176)]
[(0, 81), (82, 84), (85, 87), (88, 97), (98, 106), (108, 110), (111, 113), (114, 117), (162, 163), (165, 166), (168, 170)]
[(0, 46), (47, 93), (94, 103), (104, 105), (106, 108), (110, 111), (163, 165), (167, 169), (170, 171)]
[(0, 65), (66, 86), (88, 104), (106, 109), (114, 115), (157, 158), (165, 166)]
[(0, 81), (82, 89), (90, 94), (95, 101), (102, 104), (107, 109), (110, 111), (112, 113), (185, 186)]
[(0, 56), (57, 70), (72, 86), (87, 88), (89, 91), (93, 96), (97, 98), (99, 100), (101, 103), (108, 109), (151, 152)]
[(0, 73), (74, 92), (93, 104), (112, 113), (151, 152), (165, 166), (176, 177)]
[(0, 71), (72, 86), (87, 93), (95, 97), (98, 100), (112, 113), (151, 152), (165, 166)]
[(0, 53), (54, 71), (72, 83), (84, 87), (88, 93), (96, 97), (98, 100), (151, 152), (165, 166)]
[(0, 51), (52, 54), (56, 77), (78, 92), (94, 96), (165, 167), (179, 180)]
[(0, 43), (47, 55), (57, 90), (91, 97), (98, 99), (100, 103), (151, 152), (163, 167)]
[(0, 42), (46, 53), (54, 55), (56, 71), (72, 74), (75, 80), (81, 85), (86, 96), (97, 100), (110, 111), (151, 152), (153, 154), (177, 178)]
[(0, 43), (46, 49), (50, 52), (53, 57), (59, 68), (69, 87), (88, 89), (92, 94), (95, 96), (97, 98), (99, 100), (151, 154), (178, 179)]
[(0, 43), (45, 75), (76, 80), (81, 89), (91, 92), (93, 99), (178, 180), (192, 193)]
