(256, 256)
[(88, 90), (91, 94), (119, 120), (127, 128), (174, 179), (183, 184), (185, 199), (200, 201), (203, 206), (211, 212), (213, 215), (216, 221), (222, 223), (241, 242), (244, 245)]
[(42, 44), (69, 70), (87, 90), (91, 92), (125, 126), (172, 173), (174, 176), (185, 201), (204, 205), (209, 217), (219, 222), (238, 240), (241, 242), (243, 245)]
[(42, 43), (85, 89), (100, 101), (139, 140), (173, 174), (181, 182), (183, 184), (185, 198), (199, 203), (209, 211), (212, 215), (216, 221), (239, 240), (243, 244)]
[(15, 16), (100, 101), (103, 104), (109, 110), (139, 141), (173, 174), (176, 177), (180, 181), (182, 198), (199, 203), (204, 205), (206, 210), (212, 215), (216, 219), (238, 239), (243, 244), (248, 249)]
[(15, 16), (40, 41), (97, 98), (102, 105), (128, 130), (173, 174), (176, 177), (180, 181), (183, 198), (199, 204), (206, 207), (208, 211), (212, 214), (216, 219), (221, 222), (238, 239), (241, 242)]
[(14, 15), (39, 40), (46, 47), (76, 77), (92, 93), (100, 101), (105, 106), (173, 174), (175, 177), (180, 182), (183, 188), (189, 196), (197, 198), (199, 201), (216, 217), (220, 221), (242, 243), (244, 246)]
[(14, 15), (26, 27), (45, 46), (62, 63), (73, 75), (94, 95), (103, 104), (132, 133), (173, 178), (182, 189), (191, 196), (199, 201), (205, 206), (208, 210), (216, 217), (241, 243), (244, 245), (250, 251)]
[(13, 14), (25, 26), (87, 88), (176, 177), (184, 189), (190, 196), (197, 199), (202, 203), (208, 209), (220, 221), (241, 243), (244, 245), (250, 251)]
[(24, 26), (86, 87), (168, 169), (177, 179), (182, 183), (185, 194), (195, 196), (198, 200), (204, 206), (208, 209), (210, 212), (241, 245), (248, 249)]
[(25, 26), (86, 87), (98, 99), (176, 178), (182, 183), (184, 196), (198, 201), (204, 206), (208, 209), (210, 211), (214, 215), (218, 219), (241, 242), (248, 249)]
[(23, 26), (83, 84), (113, 121), (144, 145), (146, 150), (175, 181), (183, 187), (188, 197), (198, 201), (203, 205), (208, 209), (211, 212), (218, 220), (239, 241), (247, 248), (249, 250)]
[(22, 23), (24, 25), (112, 124), (139, 144), (145, 151), (171, 174), (175, 176), (178, 179), (180, 182), (183, 196), (197, 201), (211, 212), (215, 216), (218, 220), (248, 250)]
[(22, 24), (110, 123), (124, 127), (137, 150), (151, 152), (167, 168), (171, 172), (178, 179), (180, 182), (184, 197), (198, 199), (200, 201), (203, 204), (211, 214), (218, 220), (241, 242), (249, 250)]
[(6, 7), (21, 24), (30, 31), (109, 131), (134, 153), (168, 169), (176, 177), (180, 183), (186, 196), (197, 199), (200, 201), (206, 207), (211, 213), (215, 217), (218, 220), (242, 243), (246, 248), (250, 251)]
[(21, 23), (29, 30), (107, 126), (127, 134), (136, 154), (176, 177), (182, 184), (185, 186), (187, 196), (197, 199), (206, 207), (211, 212), (213, 214), (215, 216), (218, 220), (245, 247)]
[(21, 23), (106, 135), (138, 154), (176, 177), (182, 184), (185, 186), (187, 197), (198, 199), (200, 201), (208, 209), (211, 214), (216, 217), (218, 220), (245, 248), (249, 250)]
[(22, 23), (105, 136), (140, 154), (176, 177), (182, 185), (187, 189), (190, 199), (200, 201), (203, 204), (207, 209), (210, 212), (218, 220), (244, 245), (247, 248), (249, 250)]
[(20, 22), (105, 136), (140, 154), (169, 170), (179, 180), (182, 184), (186, 199), (210, 211), (219, 220), (244, 246)]
[(3, 4), (19, 21), (47, 48), (104, 136), (140, 154), (180, 181), (182, 183), (187, 192), (193, 199), (216, 217), (242, 243)]
[(1, 2), (44, 47), (103, 136), (141, 154), (180, 181), (182, 183), (186, 189), (190, 197), (198, 199), (200, 201)]
[(42, 44), (103, 136), (140, 153), (173, 174), (181, 182), (184, 187), (189, 197), (200, 201), (202, 203)]
[(1, 2), (39, 41), (42, 43), (44, 45), (103, 136), (140, 152), (172, 173), (180, 183), (184, 186), (188, 193), (247, 248), (249, 251)]
[(1, 2), (42, 44), (66, 67), (103, 135), (140, 152), (167, 168), (182, 184), (185, 186), (194, 195), (247, 250)]
[(0, 2), (40, 42), (53, 54), (55, 58), (66, 67), (103, 135), (139, 151), (214, 221), (249, 250)]
[(0, 1), (39, 41), (51, 53), (54, 58), (64, 65), (66, 68), (103, 135), (139, 150), (212, 221), (249, 250), (254, 255)]
[(52, 58), (103, 134), (138, 149), (187, 188), (203, 222)]
[(52, 60), (67, 69), (103, 133), (138, 148), (194, 222), (250, 251), (254, 255)]
[(52, 59), (104, 133), (137, 147), (190, 223), (244, 245), (253, 254)]
[(9, 14), (45, 46), (49, 51), (52, 59), (62, 63), (65, 67), (100, 101), (104, 132), (135, 146), (182, 223), (244, 245), (252, 253)]
[(8, 15), (48, 51), (52, 59), (62, 64), (104, 131), (134, 145), (177, 224), (243, 245), (252, 253)]
[(6, 15), (49, 50), (53, 57), (62, 63), (99, 102), (105, 130), (133, 144), (162, 163), (164, 225), (250, 251)]
[(4, 7), (11, 14), (48, 50), (53, 54), (98, 102), (103, 104), (105, 128), (131, 143), (154, 225), (250, 251)]
[(3, 4), (8, 13), (55, 58), (59, 63), (67, 68), (69, 71), (97, 102), (103, 104), (105, 128), (131, 141), (154, 224), (242, 243), (245, 246)]
[(0, 1), (7, 12), (55, 58), (59, 60), (62, 64), (68, 69), (70, 72), (97, 104), (106, 126), (128, 140), (154, 224), (241, 242), (245, 246), (252, 253)]
[(5, 6), (7, 11), (38, 39), (40, 42), (55, 64), (65, 66), (69, 70), (71, 73), (97, 105), (106, 125), (127, 139), (155, 225), (248, 249), (251, 253)]
[(5, 10), (31, 34), (38, 40), (41, 42), (48, 52), (57, 66), (68, 70), (71, 72), (96, 105), (107, 124), (126, 133), (134, 138), (156, 225), (248, 249), (251, 252)]
[(3, 4), (5, 9), (29, 34), (43, 46), (48, 66), (68, 70), (73, 74), (95, 96), (97, 106), (107, 122), (123, 132), (133, 136), (156, 225), (248, 249), (255, 256)]
[(3, 8), (29, 35), (42, 56), (57, 66), (68, 70), (95, 96), (97, 106), (108, 120), (122, 135), (156, 223), (224, 225), (240, 241), (244, 245)]
[(2, 5), (31, 36), (41, 56), (58, 73), (98, 107), (110, 114), (115, 118), (120, 133), (158, 162), (171, 221)]
[(0, 3), (27, 56), (58, 66), (67, 71), (72, 73), (76, 77), (78, 80), (99, 108), (117, 127), (128, 132), (164, 168), (175, 217)]
[(11, 15), (26, 32), (35, 56), (58, 73), (76, 77), (99, 112), (114, 130), (152, 155), (161, 165), (166, 168), (170, 171), (172, 175), (176, 215)]
[(8, 14), (25, 27), (37, 40), (41, 73), (100, 128), (152, 156), (160, 176), (177, 209)]
[(6, 14), (24, 27), (37, 38), (39, 40), (42, 60), (62, 63), (65, 73), (75, 76), (99, 100), (102, 122), (123, 127), (154, 155), (162, 175), (177, 207)]
[(4, 7), (10, 13), (25, 27), (36, 39), (40, 41), (42, 56), (57, 58), (63, 72), (97, 99), (104, 119), (120, 125), (159, 160), (161, 173), (174, 202)]
[(3, 5), (7, 8), (10, 12), (33, 42), (44, 49), (50, 60), (61, 68), (75, 78), (97, 100), (105, 117), (119, 123), (156, 171), (173, 195)]
[(2, 4), (6, 8), (10, 11), (34, 48), (49, 65), (66, 69), (73, 76), (81, 82), (98, 102), (106, 122), (150, 152), (157, 170), (172, 192), (214, 216), (252, 253)]
[(1, 2), (4, 6), (8, 10), (21, 24), (32, 43), (45, 65), (66, 70), (99, 120), (149, 154), (157, 169), (171, 185), (214, 217), (252, 254)]
[(3, 4), (5, 6), (8, 10), (22, 23), (30, 43), (44, 64), (65, 70), (76, 78), (100, 118), (148, 155), (157, 168), (170, 181), (207, 208), (213, 218), (219, 220), (221, 222)]
[(6, 8), (19, 24), (28, 43), (44, 70), (73, 78), (87, 88), (102, 115), (146, 155), (158, 166), (170, 173), (174, 178), (217, 218)]
[(6, 7), (19, 21), (22, 23), (25, 43), (44, 69), (70, 71), (74, 79), (107, 108), (109, 112), (118, 123), (144, 147), (148, 156), (161, 162), (163, 164), (217, 218), (227, 228)]
[(3, 4), (16, 68), (76, 77), (79, 80), (117, 127), (138, 140), (145, 148), (149, 156), (215, 216), (232, 233), (252, 253)]
[(17, 66), (73, 74), (75, 79), (117, 139), (141, 143), (147, 149), (153, 156), (158, 159), (163, 164), (166, 169), (218, 219)]
[(16, 62), (63, 66), (77, 78), (117, 139), (142, 144), (145, 146), (149, 150), (154, 156), (158, 163), (165, 167), (210, 211)]
[(16, 62), (64, 65), (69, 76), (82, 83), (116, 139), (140, 143), (145, 146), (161, 166), (217, 218), (251, 253)]
[(16, 63), (67, 75), (77, 78), (85, 86), (116, 139), (140, 143), (144, 147), (158, 160)]
[(17, 33), (34, 62), (66, 76), (77, 79), (90, 91), (116, 143), (144, 147), (149, 151), (158, 161)]
[(17, 33), (36, 79), (81, 82), (83, 84), (100, 101), (116, 147), (148, 151), (158, 162), (168, 169)]
[(5, 8), (15, 22), (24, 35), (36, 78), (80, 81), (99, 101), (116, 142), (143, 147), (148, 152), (158, 162), (167, 168)]
[(5, 6), (13, 78), (79, 81), (99, 101), (116, 142), (143, 146), (147, 151), (154, 155), (158, 162)]
[(6, 7), (13, 42), (43, 81), (99, 101), (116, 146), (147, 152), (154, 155)]
[(12, 17), (18, 82), (85, 86), (99, 101), (116, 152), (154, 155), (158, 162)]
[(12, 68), (69, 82), (85, 89), (95, 97), (99, 101), (116, 145), (146, 152), (154, 156), (158, 183)]
[(11, 68), (70, 82), (86, 89), (94, 97), (99, 101), (116, 145), (146, 152), (154, 156), (158, 193)]
[(11, 68), (69, 71), (72, 82), (88, 90), (94, 97), (99, 100), (116, 134), (135, 145), (146, 152), (154, 156), (158, 202)]
[(11, 81), (83, 86), (88, 90), (94, 97), (99, 100), (116, 152), (154, 156), (158, 224)]
[(11, 78), (82, 86), (93, 97), (99, 100), (108, 109), (117, 152), (154, 156), (157, 231)]
[(1, 2), (11, 77), (81, 87), (91, 92), (93, 96), (103, 104), (106, 107), (117, 152), (153, 156), (157, 235)]
[(11, 79), (82, 86), (89, 93), (94, 96), (104, 107), (117, 156), (157, 236)]
[(10, 80), (82, 86), (89, 93), (94, 96), (101, 102), (105, 106), (109, 110), (111, 112), (117, 156), (157, 235)]
[(10, 80), (83, 86), (88, 92), (99, 101), (104, 105), (117, 156), (157, 236)]
[(10, 17), (18, 80), (88, 92), (98, 100), (107, 108), (118, 156), (157, 237)]
[(8, 80), (86, 87), (88, 92), (102, 103), (105, 106), (107, 109), (118, 237)]
[(9, 71), (74, 75), (76, 79), (84, 86), (88, 92), (97, 98), (99, 102), (104, 106), (108, 109), (118, 237)]
[(10, 72), (83, 86), (88, 91), (98, 101), (104, 107), (110, 111), (118, 237)]
[(7, 9), (11, 73), (83, 86), (88, 91), (94, 95), (97, 101), (109, 111), (119, 237)]
[(7, 9), (11, 74), (80, 86), (89, 90), (93, 94), (97, 100), (102, 103), (109, 110), (119, 237)]
[(6, 10), (11, 69), (79, 86), (96, 97), (102, 103), (119, 237)]
[(4, 10), (11, 71), (78, 86), (94, 95), (96, 98), (99, 101), (102, 104), (111, 112), (120, 237)]
[(4, 71), (78, 81), (82, 86), (91, 93), (94, 96), (99, 101), (105, 107), (111, 112), (120, 155), (156, 237)]
[(4, 71), (77, 81), (82, 86), (88, 90), (92, 96), (98, 101), (103, 107), (110, 112), (120, 126), (127, 237)]
[(4, 71), (76, 81), (82, 86), (88, 90), (92, 95), (97, 101), (103, 107), (110, 111), (121, 233), (235, 236)]
[(5, 71), (74, 81), (82, 84), (87, 90), (91, 94), (96, 97), (98, 99), (102, 103), (121, 125), (126, 232)]
[(4, 56), (57, 70), (73, 81), (82, 83), (86, 89), (95, 97), (102, 103), (107, 110), (122, 212), (215, 221), (222, 223), (224, 225)]
[(5, 9), (10, 62), (63, 69), (72, 80), (82, 83), (86, 88), (90, 91), (95, 98), (100, 101), (102, 104), (106, 107), (108, 110), (122, 124), (125, 187)]
[(4, 61), (66, 67), (71, 75), (76, 80), (84, 86), (88, 89), (90, 92), (96, 98), (99, 102), (105, 108), (110, 112), (123, 124), (125, 169), (202, 203), (205, 206), (209, 219)]
[(6, 62), (71, 75), (76, 79), (84, 86), (87, 90), (92, 95), (98, 102), (103, 108), (110, 112), (124, 164), (165, 172), (197, 198), (199, 201), (202, 224), (226, 229)]
[(8, 62), (63, 65), (68, 75), (77, 79), (81, 84), (85, 89), (92, 95), (97, 102), (103, 108), (109, 112), (123, 172), (196, 229)]
[(8, 12), (13, 64), (67, 69), (70, 75), (77, 78), (81, 83), (85, 89), (91, 94), (96, 100), (104, 106), (123, 173), (176, 178), (193, 227)]
[(9, 62), (63, 64), (66, 69), (70, 75), (80, 83), (84, 88), (90, 93), (97, 98), (101, 103), (107, 108), (113, 114), (123, 173), (175, 179), (192, 194), (196, 230)]
[(8, 14), (16, 63), (65, 69), (70, 74), (79, 81), (88, 90), (94, 96), (101, 104), (105, 109), (113, 114), (122, 174), (175, 179), (191, 193), (194, 231)]
[(3, 15), (16, 61), (62, 63), (65, 69), (70, 74), (77, 79), (82, 85), (88, 91), (94, 97), (99, 100), (102, 107), (108, 110), (111, 112), (121, 173), (176, 179), (190, 191), (194, 231), (253, 254)]
[(3, 60), (65, 69), (70, 73), (77, 79), (80, 85), (86, 88), (89, 91), (92, 94), (96, 97), (98, 101), (104, 107), (109, 113), (121, 174), (176, 179), (189, 190), (192, 230)]
[(3, 55), (56, 60), (62, 69), (70, 72), (75, 76), (78, 82), (85, 88), (91, 94), (97, 100), (102, 107), (109, 112), (121, 173), (176, 178), (191, 233), (253, 254)]
[(2, 3), (4, 58), (60, 63), (64, 68), (70, 71), (75, 77), (78, 82), (84, 88), (91, 94), (97, 100), (102, 107), (109, 112), (120, 174), (176, 178), (189, 190), (191, 232)]
[(3, 57), (60, 63), (64, 68), (74, 76), (77, 81), (83, 87), (90, 93), (97, 98), (103, 105), (109, 111), (113, 114), (120, 174), (175, 178), (184, 185), (189, 190), (191, 232), (254, 255)]
[(2, 56), (59, 63), (64, 68), (72, 75), (78, 80), (81, 83), (84, 86), (91, 92), (95, 96), (100, 102), (106, 108), (113, 115), (119, 178), (190, 231), (254, 255)]
[(3, 4), (5, 55), (57, 63), (64, 68), (71, 74), (76, 77), (81, 83), (87, 89), (94, 97), (99, 100), (101, 103), (105, 109), (111, 112), (113, 114), (116, 117), (119, 179), (187, 188), (190, 221), (222, 231), (254, 255)]
[(3, 4), (5, 63), (64, 66), (69, 71), (75, 78), (79, 80), (82, 84), (85, 90), (92, 93), (95, 97), (98, 100), (102, 103), (104, 106), (108, 109), (110, 112), (118, 174), (175, 179), (188, 189), (190, 219), (221, 230), (254, 256)]
[(3, 6), (7, 12), (15, 52), (54, 62), (64, 65), (69, 75), (76, 77), (78, 81), (83, 87), (88, 90), (91, 94), (97, 100), (103, 106), (110, 113), (114, 115), (118, 149), (150, 179), (189, 218), (220, 230), (254, 256)]
[(3, 9), (11, 13), (15, 52), (53, 57), (58, 62), (70, 71), (72, 75), (77, 82), (83, 88), (91, 94), (95, 100), (102, 106), (108, 112), (117, 173), (174, 178), (188, 217), (220, 231), (254, 255)]
[(10, 49), (53, 57), (58, 61), (67, 69), (70, 75), (76, 87), (89, 93), (95, 99), (101, 105), (107, 111), (117, 173), (174, 178), (179, 180), (186, 187), (190, 216), (219, 231), (253, 254)]
[(10, 47), (52, 57), (58, 61), (66, 68), (70, 74), (76, 81), (82, 87), (88, 93), (95, 99), (101, 104), (107, 110), (112, 114), (116, 180), (188, 215), (219, 231), (254, 255)]
[(4, 5), (6, 47), (48, 51), (52, 57), (58, 60), (65, 67), (70, 71), (72, 73), (74, 75), (76, 80), (82, 86), (88, 91), (93, 94), (105, 107), (112, 113), (115, 180), (191, 214), (218, 232), (250, 251)]
[(2, 3), (4, 46), (47, 51), (52, 56), (58, 60), (62, 63), (64, 66), (68, 70), (73, 76), (77, 78), (81, 83), (86, 88), (92, 95), (99, 101), (103, 107), (115, 179), (189, 190), (192, 214), (217, 231), (250, 251), (252, 253)]
[(3, 46), (47, 51), (52, 56), (62, 63), (68, 70), (71, 77), (79, 83), (84, 89), (91, 92), (93, 96), (99, 102), (103, 105), (106, 108), (109, 111), (115, 179), (182, 185), (193, 213), (217, 231), (249, 250)]
[(2, 43), (46, 50), (52, 55), (63, 67), (70, 73), (75, 76), (78, 79), (80, 83), (84, 89), (90, 93), (96, 98), (100, 101), (102, 105), (108, 111), (114, 178), (183, 185), (193, 212), (216, 231)]
[(3, 42), (44, 45), (46, 50), (52, 55), (60, 62), (64, 67), (69, 73), (74, 75), (76, 87), (89, 93), (95, 98), (102, 105), (107, 110), (114, 178), (181, 182), (183, 185), (194, 211), (216, 230), (232, 233)]
[(3, 32), (33, 41), (42, 50), (52, 54), (58, 61), (63, 67), (68, 73), (75, 81), (82, 86), (88, 92), (94, 98), (100, 105), (107, 109), (113, 178), (180, 189), (196, 211), (216, 232), (254, 255)]
[(3, 41), (42, 49), (51, 52), (57, 60), (62, 66), (67, 71), (74, 80), (81, 85), (87, 91), (93, 98), (99, 104), (106, 107), (112, 178), (180, 190), (197, 209), (215, 233), (253, 255)]
[(4, 16), (17, 37), (38, 40), (41, 44), (45, 49), (56, 58), (62, 65), (66, 67), (68, 69), (74, 79), (80, 84), (87, 90), (92, 97), (100, 103), (104, 107), (112, 177), (179, 191), (199, 208), (215, 232), (247, 248)]
[(6, 17), (18, 37), (40, 44), (45, 49), (55, 56), (59, 62), (65, 68), (71, 73), (79, 80), (81, 82), (85, 87), (90, 92), (94, 95), (97, 99), (104, 107), (108, 110), (111, 177), (178, 192), (200, 208), (215, 233), (247, 248)]
[(6, 14), (15, 18), (19, 36), (39, 44), (45, 48), (54, 56), (57, 59), (60, 61), (63, 65), (66, 68), (69, 71), (72, 74), (78, 81), (83, 84), (85, 88), (89, 93), (98, 101), (102, 103), (104, 107), (108, 109), (111, 177), (178, 192), (199, 208), (215, 233), (249, 251)]
[(5, 19), (20, 35), (37, 44), (45, 47), (51, 53), (56, 59), (62, 65), (68, 71), (73, 74), (76, 77), (79, 81), (82, 85), (86, 87), (91, 93), (94, 97), (99, 100), (102, 104), (106, 109), (110, 176), (177, 181), (182, 194), (216, 233), (248, 249)]
[(5, 18), (20, 29), (30, 33), (35, 43), (50, 53), (55, 58), (61, 64), (66, 72), (75, 78), (81, 85), (87, 90), (91, 92), (94, 97), (100, 103), (105, 108), (110, 145), (146, 175), (177, 181), (182, 195), (203, 204), (217, 232), (248, 250)]
[(6, 18), (20, 21), (22, 28), (30, 33), (35, 43), (49, 52), (54, 57), (59, 64), (66, 71), (73, 78), (80, 85), (86, 90), (93, 97), (99, 103), (105, 108), (110, 145), (146, 174), (175, 196), (217, 232), (248, 250), (251, 253)]
[(5, 10), (11, 20), (23, 27), (34, 38), (39, 43), (48, 51), (57, 59), (60, 63), (65, 70), (72, 77), (79, 84), (86, 90), (91, 96), (98, 102), (105, 107), (109, 144), (145, 172), (173, 198), (216, 232), (249, 250), (251, 253), (254, 255)]
[(5, 9), (11, 29), (34, 38), (39, 43), (48, 49), (52, 54), (57, 60), (63, 65), (66, 69), (72, 76), (78, 83), (85, 89), (91, 95), (99, 101), (105, 106), (108, 144), (145, 173), (174, 199), (216, 232), (249, 250), (251, 253)]
[(7, 10), (13, 29), (31, 32), (33, 37), (39, 42), (46, 47), (49, 54), (55, 57), (58, 60), (62, 66), (69, 71), (77, 78), (79, 81), (84, 88), (90, 94), (96, 97), (102, 104), (108, 144), (145, 171), (174, 200), (217, 232), (249, 250), (251, 253)]
[(5, 28), (29, 37), (39, 41), (44, 46), (47, 52), (54, 58), (60, 63), (64, 66), (68, 69), (70, 72), (74, 75), (76, 79), (81, 84), (88, 91), (96, 98), (100, 101), (102, 104), (107, 144), (145, 170), (171, 202), (218, 232), (248, 249)]
[(6, 12), (13, 27), (29, 32), (33, 37), (39, 41), (44, 46), (47, 63), (65, 66), (67, 72), (73, 75), (77, 79), (82, 85), (87, 91), (93, 95), (96, 98), (99, 101), (103, 104), (107, 144), (145, 170), (171, 203), (217, 233), (246, 247), (248, 249), (252, 253)]
[(7, 12), (13, 23), (24, 26), (28, 32), (33, 37), (42, 45), (46, 50), (51, 56), (58, 63), (65, 70), (71, 75), (77, 78), (79, 82), (83, 84), (85, 88), (89, 91), (93, 95), (97, 102), (106, 143), (145, 169), (170, 204), (220, 232), (251, 253)]
[(5, 11), (13, 23), (28, 32), (33, 36), (41, 44), (46, 49), (50, 52), (53, 55), (57, 62), (64, 70), (71, 76), (78, 88), (91, 95), (97, 101), (103, 104), (106, 143), (146, 203), (208, 209), (220, 221), (222, 232), (251, 253)]
[(8, 12), (14, 23), (28, 31), (33, 36), (41, 43), (45, 47), (50, 53), (55, 57), (58, 61), (64, 68), (70, 75), (76, 82), (83, 88), (90, 94), (96, 101), (102, 104), (105, 143), (146, 204), (209, 211), (217, 218), (222, 232), (251, 254)]
[(6, 13), (14, 22), (27, 31), (32, 35), (38, 40), (43, 44), (45, 47), (48, 50), (51, 53), (54, 58), (62, 64), (65, 67), (69, 70), (71, 73), (76, 81), (83, 87), (89, 93), (96, 99), (101, 103), (105, 142), (147, 204), (220, 221), (223, 232), (251, 252), (253, 254)]
[(6, 13), (16, 22), (24, 26), (27, 31), (32, 35), (39, 41), (42, 45), (47, 50), (53, 55), (56, 58), (60, 61), (63, 65), (68, 70), (76, 79), (83, 86), (89, 91), (96, 98), (101, 103), (104, 142), (147, 206), (212, 214), (220, 221), (223, 226), (227, 231), (251, 252), (253, 254)]
[(9, 15), (18, 20), (23, 26), (27, 31), (37, 39), (41, 44), (46, 50), (52, 55), (57, 58), (59, 62), (63, 64), (65, 67), (69, 71), (73, 76), (80, 83), (87, 89), (93, 95), (98, 101), (104, 142), (148, 209), (214, 215), (229, 231), (233, 234), (250, 252)]
[(8, 14), (15, 16), (22, 26), (27, 30), (35, 38), (40, 43), (45, 49), (51, 55), (57, 62), (64, 70), (72, 74), (75, 77), (78, 80), (81, 84), (85, 86), (88, 90), (91, 92), (94, 96), (99, 101), (103, 141), (149, 210), (213, 214), (216, 218), (229, 230), (250, 252)]
[(9, 14), (21, 26), (27, 30), (34, 37), (40, 41), (46, 48), (50, 54), (56, 62), (63, 69), (71, 74), (75, 86), (88, 89), (90, 93), (94, 95), (99, 100), (102, 141), (149, 213), (214, 216), (218, 219), (251, 252)]
[(11, 14), (21, 26), (27, 29), (31, 34), (37, 40), (42, 45), (48, 50), (57, 61), (63, 68), (70, 75), (76, 81), (82, 86), (89, 93), (95, 98), (102, 141), (150, 214), (216, 219), (220, 221), (251, 252)]
[(18, 20), (21, 25), (27, 28), (31, 32), (33, 34), (36, 37), (38, 40), (42, 45), (47, 50), (53, 56), (58, 59), (63, 67), (69, 74), (75, 80), (82, 86), (88, 93), (94, 97), (99, 100), (102, 141), (151, 215), (217, 218), (251, 252)]
[(16, 19), (21, 25), (32, 37), (39, 42), (44, 47), (49, 51), (52, 57), (60, 62), (64, 66), (68, 73), (75, 79), (81, 85), (87, 91), (94, 96), (99, 100), (101, 140), (151, 220), (221, 224), (249, 250)]
[(15, 19), (21, 25), (29, 32), (34, 37), (39, 42), (44, 48), (49, 50), (51, 53), (54, 57), (58, 59), (60, 63), (66, 68), (73, 75), (80, 81), (82, 84), (85, 86), (87, 90), (94, 95), (98, 99), (101, 140), (152, 223)]
[(11, 12), (15, 19), (21, 24), (29, 32), (33, 36), (38, 42), (43, 48), (50, 54), (57, 60), (61, 63), (64, 65), (66, 69), (73, 76), (80, 81), (83, 87), (91, 94), (97, 99), (100, 139), (153, 222), (252, 253)]
[(11, 13), (14, 19), (21, 23), (27, 31), (32, 35), (37, 41), (42, 47), (49, 54), (55, 60), (63, 66), (67, 69), (70, 73), (74, 76), (77, 79), (80, 87), (89, 90), (91, 93), (94, 96), (97, 99), (100, 139), (154, 226), (227, 229)]
[(11, 18), (21, 23), (26, 30), (32, 33), (37, 38), (43, 46), (49, 53), (55, 60), (62, 66), (70, 73), (76, 79), (83, 85), (86, 87), (88, 91), (92, 93), (94, 97), (99, 139), (144, 145), (155, 228), (229, 231)]
[(11, 17), (21, 22), (31, 32), (34, 36), (39, 42), (50, 52), (54, 59), (61, 66), (68, 73), (75, 79), (81, 85), (86, 91), (93, 96), (99, 139), (156, 232), (249, 250), (252, 253)]
[(11, 17), (24, 26), (30, 32), (34, 39), (40, 43), (46, 48), (52, 53), (55, 57), (59, 60), (61, 65), (67, 72), (74, 79), (80, 84), (86, 90), (92, 96), (98, 138), (145, 146), (147, 148), (152, 153), (157, 233), (250, 251)]
[(12, 17), (25, 26), (32, 33), (34, 39), (41, 42), (43, 45), (46, 49), (51, 54), (58, 61), (67, 71), (74, 78), (80, 83), (85, 89), (91, 95), (98, 138), (144, 146), (147, 148), (152, 153), (158, 234), (236, 237)]
[(12, 13), (14, 17), (21, 24), (26, 29), (30, 33), (35, 39), (42, 46), (49, 51), (52, 54), (56, 57), (59, 62), (64, 66), (75, 76), (89, 92), (95, 96), (97, 138), (144, 145), (152, 154), (159, 233), (234, 235), (237, 238)]
[(14, 16), (20, 23), (25, 28), (29, 33), (34, 39), (40, 45), (47, 52), (55, 58), (59, 62), (65, 67), (71, 73), (78, 80), (83, 85), (88, 89), (90, 92), (97, 137), (143, 145), (146, 147), (152, 154), (161, 237), (238, 239)]
[(19, 22), (24, 27), (29, 32), (35, 38), (40, 44), (46, 51), (53, 58), (63, 64), (66, 68), (69, 70), (72, 74), (78, 79), (80, 83), (84, 85), (87, 89), (91, 95), (96, 137), (139, 140), (142, 144), (146, 147), (153, 154), (155, 156), (161, 238), (239, 240)]
[(19, 20), (27, 29), (32, 34), (38, 40), (47, 50), (53, 58), (60, 65), (68, 71), (75, 77), (79, 83), (86, 88), (91, 94), (96, 137), (142, 144), (146, 147), (163, 238)]
[(17, 18), (22, 24), (26, 31), (33, 35), (38, 40), (44, 46), (53, 57), (59, 64), (66, 71), (72, 77), (78, 82), (84, 88), (90, 94), (95, 136), (138, 139), (142, 144), (164, 243)]
[(19, 26), (27, 32), (35, 38), (39, 40), (41, 43), (44, 47), (48, 49), (50, 53), (58, 63), (65, 70), (71, 76), (78, 81), (83, 86), (89, 93), (94, 136), (138, 139), (144, 145), (148, 150), (165, 241), (242, 243), (251, 252)]
[(20, 21), (23, 26), (27, 32), (34, 38), (40, 44), (45, 46), (47, 50), (51, 54), (56, 58), (65, 68), (71, 75), (76, 78), (88, 89), (94, 136), (137, 139), (141, 142), (144, 146), (147, 148), (149, 150), (167, 242)]
[(22, 25), (27, 31), (33, 37), (39, 44), (46, 50), (52, 53), (55, 56), (57, 59), (62, 64), (69, 71), (76, 78), (82, 83), (87, 90), (91, 92), (94, 135), (137, 138), (141, 143), (144, 146), (147, 148), (151, 152), (170, 244)]
[(28, 29), (33, 36), (38, 42), (45, 50), (53, 56), (58, 59), (60, 61), (62, 65), (66, 72), (78, 81), (84, 86), (90, 92), (93, 135), (137, 138), (139, 140), (141, 143), (144, 146), (147, 148), (152, 153), (172, 242), (243, 245)]
[(1, 2), (24, 27), (30, 32), (39, 42), (45, 49), (51, 56), (59, 62), (63, 64), (65, 68), (69, 71), (73, 75), (77, 81), (83, 86), (88, 92), (93, 135), (139, 141), (143, 145), (154, 155), (175, 243), (244, 245), (252, 253)]
[(9, 10), (23, 24), (25, 27), (28, 30), (31, 33), (36, 38), (43, 44), (50, 55), (57, 62), (63, 68), (71, 74), (76, 80), (82, 86), (87, 91), (92, 135), (136, 137), (139, 141), (142, 144), (146, 147), (150, 151), (178, 244), (245, 246)]
[(7, 9), (24, 25), (27, 30), (31, 32), (34, 35), (36, 39), (40, 41), (43, 45), (48, 50), (51, 54), (57, 61), (63, 67), (70, 73), (75, 78), (81, 85), (86, 89), (92, 134), (136, 138), (139, 141), (142, 144), (146, 148), (150, 151), (181, 245)]
[(6, 8), (25, 29), (31, 35), (39, 42), (44, 45), (46, 47), (48, 51), (56, 60), (62, 65), (69, 72), (76, 77), (79, 81), (82, 83), (91, 134), (136, 137), (138, 143), (146, 148), (150, 151), (184, 245)]
[(4, 6), (7, 8), (13, 16), (31, 34), (36, 41), (43, 47), (49, 50), (53, 56), (60, 62), (66, 68), (73, 75), (77, 78), (79, 81), (83, 84), (85, 87), (88, 90), (91, 134), (135, 136), (138, 140), (142, 143), (144, 146), (147, 148), (149, 151), (188, 243)]
[(3, 7), (12, 14), (15, 16), (27, 29), (35, 41), (42, 47), (50, 52), (53, 56), (57, 63), (67, 68), (70, 72), (73, 75), (76, 78), (79, 81), (83, 84), (87, 89), (90, 133), (134, 136), (137, 139), (144, 146), (149, 151), (190, 243)]
[(2, 6), (10, 13), (28, 30), (33, 39), (41, 46), (49, 53), (54, 59), (63, 66), (69, 72), (75, 79), (81, 84), (86, 89), (90, 133), (134, 135), (137, 139), (141, 143), (144, 146), (148, 151), (193, 243)]
[(2, 3), (4, 5), (9, 11), (12, 15), (31, 33), (34, 37), (39, 40), (42, 45), (47, 52), (54, 59), (61, 65), (67, 72), (73, 78), (79, 84), (85, 133), (134, 135), (136, 138), (141, 143), (144, 146), (148, 150), (151, 152), (196, 243)]
[(3, 5), (8, 10), (11, 14), (29, 33), (34, 36), (39, 41), (47, 52), (53, 58), (60, 65), (66, 71), (73, 77), (78, 83), (85, 88), (89, 132), (136, 138), (139, 140), (141, 146), (148, 149), (152, 153), (198, 244)]
[(3, 4), (7, 13), (37, 39), (40, 41), (45, 47), (52, 53), (54, 57), (60, 63), (67, 70), (77, 78), (80, 81), (83, 84), (89, 132), (135, 136), (138, 141), (143, 146), (202, 243), (244, 245), (254, 255)]
[(2, 3), (9, 13), (34, 39), (42, 44), (46, 48), (51, 53), (58, 59), (63, 65), (70, 73), (76, 78), (81, 82), (83, 85), (86, 87), (88, 131), (134, 137), (138, 141), (142, 145), (146, 148), (204, 245), (254, 255)]
[(6, 12), (30, 31), (32, 34), (35, 38), (40, 45), (52, 54), (56, 60), (62, 63), (64, 65), (68, 69), (71, 73), (74, 76), (80, 83), (86, 87), (88, 131), (133, 135), (136, 140), (141, 144), (146, 148), (149, 150), (207, 244), (254, 255)]
[(7, 11), (29, 31), (33, 34), (40, 44), (47, 52), (55, 58), (61, 63), (66, 69), (73, 76), (78, 82), (84, 86), (87, 131), (132, 135), (137, 139), (141, 143), (145, 146), (148, 150), (209, 245), (254, 255)]
[(9, 10), (29, 32), (38, 39), (41, 43), (46, 52), (53, 58), (59, 63), (65, 69), (71, 76), (77, 82), (84, 86), (87, 130), (132, 135), (136, 139), (144, 146), (148, 150), (212, 244)]
[(28, 33), (36, 37), (39, 40), (44, 45), (47, 50), (52, 57), (59, 63), (65, 67), (71, 74), (76, 81), (83, 85), (86, 130), (131, 134), (136, 138), (139, 141), (143, 146), (147, 149), (215, 246)]
[(28, 34), (42, 43), (45, 46), (51, 52), (53, 55), (58, 61), (69, 70), (77, 78), (81, 82), (86, 130), (131, 133), (136, 137), (138, 139), (140, 141), (143, 145), (146, 149), (217, 244)]
[(26, 27), (28, 35), (41, 44), (45, 46), (48, 49), (50, 52), (62, 64), (68, 70), (71, 73), (75, 76), (81, 82), (85, 129), (130, 132), (134, 135), (137, 140), (142, 145), (146, 148), (220, 244)]
[(25, 26), (27, 37), (39, 42), (47, 49), (55, 57), (60, 61), (62, 63), (65, 67), (71, 73), (77, 80), (83, 84), (85, 129), (134, 139), (141, 144), (223, 225), (226, 245)]
[(24, 26), (27, 37), (45, 49), (52, 54), (56, 57), (59, 61), (63, 67), (69, 73), (76, 80), (81, 83), (84, 129), (131, 133), (136, 139), (140, 143), (144, 146), (225, 245)]
[(24, 25), (26, 38), (40, 42), (43, 44), (51, 55), (57, 60), (62, 67), (68, 72), (75, 78), (80, 83), (84, 129), (130, 133), (135, 138), (140, 141), (144, 146), (225, 245)]
[(2, 4), (23, 40), (50, 53), (55, 60), (62, 64), (69, 70), (81, 82), (83, 128), (130, 132), (133, 136), (138, 139), (142, 143), (225, 246)]
[(2, 5), (22, 40), (44, 47), (48, 49), (51, 52), (57, 58), (66, 68), (72, 73), (78, 80), (83, 128), (129, 131), (133, 135), (138, 140), (141, 143), (225, 246)]
[(1, 4), (22, 42), (49, 50), (53, 56), (60, 61), (63, 64), (67, 68), (69, 71), (74, 78), (82, 128), (129, 130), (141, 142), (225, 245)]
[(1, 2), (3, 4), (21, 22), (23, 43), (47, 48), (54, 55), (57, 58), (62, 65), (68, 70), (73, 77), (79, 81), (82, 128), (131, 132), (135, 137), (140, 142), (225, 246)]
[(0, 3), (21, 44), (51, 53), (56, 59), (60, 65), (66, 70), (72, 76), (78, 80), (81, 127), (130, 133), (134, 136), (139, 141), (225, 247)]
[(0, 1), (2, 3), (21, 45), (50, 52), (54, 58), (60, 63), (66, 68), (73, 74), (81, 127), (128, 130), (133, 136), (138, 139), (225, 247)]
[(0, 3), (21, 46), (48, 49), (55, 56), (60, 62), (64, 65), (69, 71), (75, 77), (80, 126), (128, 130), (132, 135), (225, 247)]
[(1, 2), (20, 47), (52, 54), (57, 60), (64, 65), (67, 68), (70, 71), (72, 74), (75, 76), (78, 79), (80, 126), (127, 129), (131, 133), (136, 138), (224, 247)]
[(1, 2), (20, 48), (50, 52), (55, 57), (58, 59), (61, 63), (66, 68), (71, 74), (77, 126), (127, 128), (136, 138), (224, 247)]
[(0, 2), (20, 49), (54, 56), (59, 63), (64, 68), (69, 73), (75, 125), (129, 131), (134, 135), (224, 248)]
[(0, 1), (19, 50), (52, 55), (57, 62), (63, 67), (69, 71), (75, 76), (78, 125), (127, 129), (132, 135), (224, 248)]
[(19, 50), (59, 60), (73, 74), (78, 125), (126, 129), (131, 134), (224, 248)]
[(11, 12), (19, 52), (56, 57), (62, 63), (70, 72), (73, 74), (76, 77), (78, 124), (126, 128), (130, 133), (224, 248), (255, 256)]
[(19, 53), (58, 60), (64, 66), (68, 71), (75, 76), (77, 123), (125, 127), (224, 248)]
[(18, 54), (58, 59), (61, 65), (66, 70), (73, 75), (76, 123), (128, 130), (134, 135), (224, 248)]
[(18, 54), (76, 123), (128, 130), (224, 248)]
[(18, 55), (70, 72), (76, 123), (126, 128), (224, 248)]
[(3, 5), (18, 56), (61, 63), (65, 68), (72, 74), (75, 122), (125, 128), (224, 248)]
[(3, 5), (18, 57), (61, 63), (65, 68), (70, 73), (75, 122), (123, 127), (129, 130), (224, 248)]
[(2, 4), (18, 58), (70, 72), (74, 122), (123, 127), (224, 248)]
[(2, 4), (18, 59), (67, 68), (74, 122), (123, 124), (225, 248)]
[(1, 3), (18, 60), (65, 66), (74, 121), (127, 128), (225, 248)]
[(1, 3), (18, 61), (73, 121), (124, 125), (225, 248)]
[(0, 3), (18, 62), (68, 70), (73, 121), (123, 125), (131, 132), (225, 248)]
[(0, 1), (18, 63), (72, 120), (122, 124), (225, 248)]
[(1, 2), (18, 64), (71, 120), (225, 248)]
[(0, 2), (18, 64), (68, 69), (71, 120), (225, 248)]
[(9, 12), (18, 65), (71, 120), (121, 122), (225, 248)]
[(7, 11), (18, 66), (70, 119), (120, 121), (225, 248)]
[(6, 7), (18, 63), (70, 119), (120, 121), (225, 248)]
[(3, 4), (9, 10), (18, 65), (70, 119), (225, 248)]
[(4, 5), (8, 9), (18, 64), (70, 118), (225, 248)]
[(18, 61), (62, 64), (66, 67), (71, 118), (225, 249)]
[(18, 63), (64, 65), (66, 68), (72, 117), (226, 249)]
[(19, 68), (73, 117), (226, 249)]
[(19, 34), (44, 69), (70, 71), (74, 116), (226, 249)]
[(0, 1), (19, 29), (48, 73), (75, 115), (226, 249)]
[(0, 3), (19, 25), (51, 74), (76, 113), (227, 249)]
[(0, 4), (19, 21), (54, 75), (77, 113), (228, 249)]
[(0, 3), (4, 5), (55, 76), (78, 112), (230, 249)]
[(2, 5), (56, 77), (79, 111), (231, 249)]
[(3, 5), (57, 78), (80, 110), (232, 249)]
[(5, 6), (57, 79), (81, 109), (234, 249)]
[(7, 8), (57, 62), (63, 80), (83, 107), (235, 249)]
[(58, 79), (80, 81), (85, 105), (236, 249)]
[(8, 9), (58, 81), (90, 92), (93, 94), (97, 100), (238, 249)]
[(1, 3), (58, 78), (79, 82), (92, 94), (95, 96), (239, 249)]
[(2, 3), (58, 60), (61, 82), (240, 249), (254, 255)]
[(3, 5), (59, 60), (61, 77), (78, 83), (242, 249), (254, 255)]
[(0, 2), (3, 5), (59, 60), (61, 83), (243, 248), (254, 256)]
[(1, 3), (5, 6), (59, 81), (82, 84), (245, 248)]
[(2, 4), (5, 7), (60, 81), (246, 248), (252, 253)]
[(2, 7), (60, 83), (90, 91)]
[(3, 7), (60, 84), (87, 90)]
[(3, 6), (7, 8), (60, 82), (87, 91), (94, 95), (100, 101)]
[(3, 6), (7, 8), (60, 83), (87, 92), (93, 98)]
[(0, 1), (5, 8), (60, 83), (86, 93), (94, 97)]
[(0, 1), (5, 8), (60, 84), (86, 97), (101, 102), (104, 105), (255, 256)]
[(0, 2), (7, 8), (59, 84), (86, 97), (101, 102)]
[(0, 2), (7, 8), (59, 84), (85, 98), (99, 103), (104, 105)]
[(0, 3), (59, 83), (85, 102), (255, 256)]
[(0, 1), (2, 3), (58, 97), (98, 102), (103, 104), (255, 256)]
[(0, 1), (2, 3), (58, 90), (91, 104), (255, 256)]
[(1, 4), (58, 104)]
[(2, 5), (58, 104)]
[(4, 5), (58, 104), (235, 237)]
[(59, 103)]
[(59, 103)]
[(59, 103), (236, 237)]
[(58, 103), (238, 239)]
[(58, 103), (238, 239)]
[(58, 102)]
[(1, 2), (8, 10), (57, 102)]
[(8, 11), (59, 60), (61, 102), (238, 239)]
[(9, 10), (11, 12), (58, 102), (238, 239)]
[(3, 4), (11, 12), (57, 101)]
[(4, 5), (12, 13), (58, 61), (62, 101)]
[(3, 5), (11, 13), (59, 62), (63, 99), (100, 101), (241, 242)]
[(4, 5), (50, 51), (60, 100)]
[(4, 6), (50, 51), (54, 59), (61, 95), (96, 98), (99, 100)]
[(5, 6), (52, 54), (55, 56), (60, 62), (63, 64), (65, 68), (69, 88), (89, 93), (96, 97), (110, 111)]
[(5, 7), (55, 56), (58, 65), (68, 85), (87, 88), (89, 91), (92, 93)]
[(6, 7), (59, 67), (69, 81), (82, 85), (86, 87), (88, 89), (105, 107), (111, 113)]
[(64, 67), (68, 81), (82, 83), (110, 112)]
[(64, 65), (71, 81), (82, 84), (89, 90), (108, 109), (117, 119)]
[(68, 71), (77, 81), (85, 87), (108, 109)]
[(75, 77), (78, 79)]
[(105, 106), (116, 117)]
[]
