(256, 256)
[(0, 79), (121, 126), (138, 139), (141, 142), (143, 144), (146, 147), (157, 158), (159, 165), (166, 167), (169, 170), (171, 177), (178, 184), (185, 198)]
[(0, 79), (119, 126), (138, 139), (141, 142), (143, 146), (153, 154), (155, 157), (158, 159), (161, 162), (168, 172), (174, 176), (178, 196), (212, 222)]
[(0, 79), (119, 126), (138, 139), (142, 144), (150, 151), (153, 155), (156, 157), (160, 164), (166, 168), (171, 173), (175, 181), (182, 189), (191, 196), (208, 213)]
[(0, 79), (119, 124), (125, 127), (142, 143), (153, 154), (155, 156), (161, 166), (172, 174), (176, 182), (184, 194), (205, 208), (226, 229)]
[(0, 79), (119, 127), (138, 139), (143, 144), (145, 146), (148, 149), (150, 151), (160, 161), (162, 165), (169, 173), (174, 181), (183, 194), (203, 205), (225, 230)]
[(0, 79), (119, 120), (121, 126), (138, 139), (140, 141), (142, 143), (150, 151), (153, 155), (159, 160), (163, 164), (170, 172), (173, 179), (181, 183), (184, 192), (201, 203), (225, 230)]
[(0, 79), (119, 120), (122, 124), (125, 126), (142, 146), (150, 151), (153, 156), (157, 161), (163, 164), (170, 177), (179, 181), (183, 191), (200, 201), (218, 221), (224, 226), (227, 229)]
[(0, 79), (121, 122), (124, 127), (139, 140), (143, 146), (148, 151), (160, 162), (165, 166), (169, 175), (176, 179), (182, 191), (198, 200), (216, 226)]
[(0, 79), (125, 127), (136, 140), (143, 146), (149, 151), (155, 156), (160, 162), (163, 164), (165, 166), (168, 169), (171, 173), (176, 177), (180, 189), (197, 199), (208, 210), (211, 212), (214, 227), (231, 233)]
[(0, 79), (119, 120), (123, 127), (136, 138), (139, 141), (142, 147), (148, 149), (151, 152), (154, 155), (168, 169), (171, 173), (174, 175), (176, 177), (180, 181), (182, 189), (196, 197), (207, 210), (213, 218), (220, 222), (225, 226), (227, 233)]
[(0, 79), (119, 123), (124, 127), (135, 136), (137, 141), (142, 148), (151, 152), (162, 163), (168, 169), (173, 174), (176, 178), (180, 181), (182, 188), (207, 213), (214, 217), (219, 224), (228, 234)]
[(0, 79), (118, 127), (134, 135), (137, 142), (145, 146), (151, 152), (166, 167), (168, 180), (181, 187), (194, 196), (207, 209), (210, 216), (218, 226), (228, 234)]
[(0, 79), (118, 127), (130, 134), (136, 138), (141, 142), (162, 163), (164, 165), (168, 169), (171, 180), (181, 186), (193, 195), (204, 207), (210, 214), (219, 234)]
[(0, 79), (118, 127), (131, 133), (135, 138), (148, 151), (156, 157), (162, 163), (167, 173), (175, 176), (177, 179), (180, 181), (182, 186), (192, 194), (203, 206), (211, 215), (217, 218), (219, 234)]
[(0, 79), (118, 126), (130, 132), (134, 135), (137, 138), (141, 142), (143, 144), (146, 148), (149, 151), (152, 153), (168, 169), (170, 172), (174, 175), (176, 179), (181, 185), (191, 194), (199, 202), (206, 207), (211, 215), (216, 233)]
[(0, 79), (117, 126), (130, 132), (133, 135), (136, 138), (139, 140), (145, 146), (147, 148), (168, 170), (171, 173), (175, 176), (177, 184), (190, 193), (200, 202), (203, 207), (208, 209), (210, 213), (215, 217), (218, 228), (229, 232)]
[(0, 79), (117, 122), (130, 131), (133, 136), (141, 143), (145, 146), (163, 164), (168, 170), (174, 176), (178, 183), (190, 192), (209, 228), (229, 230)]
[(0, 79), (118, 120), (129, 131), (133, 134), (139, 140), (145, 146), (160, 161), (169, 170), (171, 172), (174, 176), (178, 182), (189, 191), (196, 197), (201, 202), (207, 209), (212, 231)]
[(0, 79), (129, 131), (133, 134), (145, 147), (148, 149), (152, 153), (165, 166), (169, 170), (174, 181), (182, 183), (189, 190), (197, 199), (205, 206), (210, 211), (213, 214), (216, 233)]
[(0, 79), (90, 91), (129, 131), (133, 134), (142, 143), (144, 147), (149, 150), (171, 172), (175, 180), (182, 183), (212, 214), (216, 232)]
[(0, 79), (90, 93), (129, 131), (133, 134), (144, 145), (148, 150), (160, 161), (166, 167), (170, 173), (175, 182), (193, 194), (214, 215), (223, 232)]
[(0, 79), (128, 131), (133, 136), (140, 142), (143, 149), (160, 162), (168, 169), (170, 174), (175, 181), (188, 190), (203, 204), (209, 210), (211, 215), (216, 218), (222, 232)]
[(0, 79), (128, 131), (132, 139), (140, 142), (145, 147), (148, 149), (161, 163), (168, 169), (170, 171), (172, 174), (175, 182), (187, 188), (196, 197), (199, 200), (210, 212), (220, 221), (224, 231)]
[(0, 79), (127, 131), (132, 136), (137, 147), (148, 149), (160, 162), (166, 167), (168, 182), (196, 199), (202, 204), (206, 207), (209, 210), (211, 212), (213, 214), (215, 217), (218, 220), (221, 230)]
[(0, 79), (111, 130), (132, 133), (135, 137), (139, 148), (161, 172), (173, 182), (187, 188), (193, 194), (196, 201), (207, 208), (211, 215), (216, 221), (222, 230)]
[(0, 79), (107, 126), (127, 132), (135, 136), (137, 138), (141, 148), (160, 163), (164, 165), (166, 167), (169, 171), (172, 181), (187, 188), (193, 196), (201, 203), (206, 211), (214, 220), (221, 229)]
[(0, 76), (102, 103), (104, 116), (119, 123), (126, 131), (139, 148), (159, 168), (169, 181), (187, 188), (192, 196), (201, 203), (205, 208), (210, 211), (214, 219), (220, 222), (223, 225), (227, 229)]
[(0, 58), (63, 67), (98, 117), (121, 133), (139, 142), (143, 153), (165, 170), (171, 182), (187, 188), (195, 196), (197, 198), (203, 207), (208, 209), (210, 218), (221, 224), (226, 227)]
[(0, 2), (6, 21), (30, 58), (91, 114), (118, 120), (127, 131), (136, 138), (142, 145), (152, 153), (168, 181), (187, 188), (197, 198), (203, 206), (207, 208), (209, 216), (219, 220), (221, 222), (225, 227)]
[(0, 2), (8, 11), (43, 46), (83, 105), (111, 117), (122, 126), (129, 131), (137, 138), (141, 142), (145, 147), (148, 149), (150, 151), (152, 153), (170, 180), (187, 189), (195, 196), (198, 200), (202, 206), (211, 216), (218, 221), (224, 226)]
[(0, 1), (10, 35), (74, 94), (97, 98), (99, 109), (110, 112), (117, 127), (129, 131), (137, 138), (140, 141), (143, 152), (172, 180), (187, 189), (193, 197), (201, 202), (203, 208), (209, 216), (217, 225)]
[(0, 1), (10, 46), (64, 87), (88, 95), (113, 125), (126, 127), (129, 130), (131, 133), (140, 141), (142, 149), (157, 160), (172, 180), (188, 189), (195, 200), (201, 211), (213, 223), (255, 256)]
[(0, 1), (7, 80), (81, 112), (113, 115), (116, 122), (123, 124), (126, 127), (129, 131), (140, 145), (160, 163), (174, 180), (188, 191), (193, 211), (214, 219), (220, 222), (252, 256)]
[(0, 1), (5, 70), (71, 85), (86, 110), (112, 113), (115, 116), (117, 125), (127, 130), (138, 139), (141, 143), (146, 156), (161, 165), (174, 180), (189, 192), (194, 211), (212, 217), (218, 220), (249, 254), (255, 256)]
[(0, 2), (5, 9), (12, 67), (69, 80), (86, 97), (98, 109), (117, 123), (124, 125), (129, 130), (143, 158), (163, 166), (170, 171), (175, 180), (190, 193), (197, 198), (199, 201), (205, 215), (216, 219), (246, 252), (253, 256)]
[(0, 59), (60, 65), (67, 79), (86, 107), (108, 109), (117, 125), (128, 130), (141, 160), (164, 167), (175, 180), (190, 195), (197, 199), (207, 212), (215, 216), (243, 250), (251, 254)]
[(0, 55), (56, 58), (61, 64), (65, 79), (86, 88), (89, 97), (98, 108), (117, 126), (130, 131), (141, 161), (165, 168), (176, 179), (187, 190), (192, 209), (212, 214), (241, 251)]
[(0, 54), (61, 63), (64, 79), (86, 87), (88, 108), (117, 122), (123, 124), (131, 132), (140, 147), (148, 151), (152, 162), (166, 169), (177, 179), (182, 183), (184, 185), (189, 193), (195, 203), (209, 210), (238, 251), (252, 253)]
[(0, 54), (60, 62), (63, 79), (86, 89), (91, 99), (100, 105), (117, 122), (124, 126), (132, 134), (138, 148), (149, 152), (153, 164), (167, 170), (178, 180), (182, 189), (192, 193), (199, 206), (235, 251)]
[(0, 54), (55, 56), (58, 61), (62, 79), (86, 90), (91, 94), (96, 99), (101, 104), (117, 126), (135, 137), (138, 154), (155, 164), (168, 170), (183, 191), (193, 194), (232, 247), (249, 250), (253, 254), (255, 256)]
[(0, 55), (58, 61), (62, 79), (98, 99), (102, 104), (117, 123), (124, 125), (133, 134), (138, 165), (168, 171), (184, 193), (229, 245), (246, 248), (250, 254), (255, 256)]
[(0, 55), (58, 60), (61, 79), (117, 122), (124, 127), (132, 133), (138, 166), (169, 171), (185, 186), (187, 195), (227, 243), (248, 254), (255, 256)]
[(0, 55), (57, 60), (61, 79), (86, 87), (117, 122), (125, 129), (131, 132), (137, 158), (160, 166), (170, 172), (186, 188), (190, 195), (224, 243), (245, 255)]
[(0, 54), (57, 59), (60, 79), (85, 86), (117, 123), (125, 127), (137, 158), (160, 167), (170, 173), (222, 241), (242, 250), (251, 256)]
[(0, 54), (56, 59), (60, 79), (85, 86), (117, 125), (130, 131), (137, 151), (153, 158), (160, 167), (171, 173), (219, 244), (245, 247), (248, 254)]
[(0, 53), (55, 58), (59, 79), (85, 86), (117, 123), (124, 126), (132, 133), (137, 141), (143, 158), (161, 168), (171, 173), (216, 236), (238, 241), (242, 256)]
[(0, 52), (55, 57), (58, 79), (85, 86), (117, 122), (129, 131), (137, 143), (145, 158), (160, 168), (172, 174), (214, 234), (235, 237), (238, 256)]
[(0, 52), (55, 79), (85, 86), (117, 122), (129, 131), (136, 148), (150, 158), (160, 169), (172, 174), (211, 231), (233, 235), (237, 251), (252, 255)]
[(0, 51), (54, 79), (85, 86), (117, 122), (124, 125), (136, 148), (149, 150), (154, 158), (159, 160), (161, 169), (173, 174), (209, 224), (226, 238), (239, 242), (244, 245), (247, 248), (249, 252), (254, 256)]
[(0, 51), (54, 79), (85, 86), (117, 122), (123, 124), (136, 145), (152, 153), (154, 169), (173, 174), (206, 224), (225, 229), (231, 237), (238, 239), (241, 244), (246, 250), (251, 254)]
[(0, 51), (53, 79), (84, 86), (117, 123), (130, 131), (136, 143), (145, 147), (151, 159), (160, 170), (173, 175), (204, 220), (225, 226), (228, 237), (238, 247), (248, 252)]
[(0, 50), (52, 79), (80, 84), (117, 123), (124, 125), (136, 145), (148, 150), (152, 158), (160, 170), (173, 175), (201, 217), (219, 223), (226, 228), (229, 230), (231, 250), (251, 255)]
[(0, 50), (52, 78), (79, 80), (117, 125), (126, 127), (136, 138), (139, 148), (149, 159), (160, 170), (174, 175), (198, 219), (221, 234), (235, 252), (253, 256)]
[(0, 49), (51, 76), (80, 82), (117, 125), (136, 140), (141, 147), (148, 149), (150, 158), (161, 171), (174, 176), (196, 210), (211, 253), (255, 256)]
[(0, 48), (51, 75), (76, 78), (79, 80), (117, 123), (124, 125), (127, 128), (134, 135), (136, 137), (138, 158), (161, 171), (174, 176), (193, 222), (223, 251)]
[(0, 48), (50, 74), (76, 78), (117, 125), (127, 128), (136, 137), (138, 140), (141, 142), (143, 158), (160, 171), (174, 176), (191, 193), (195, 196), (197, 202), (203, 206), (210, 238), (239, 249), (254, 255)]
[(0, 47), (50, 73), (75, 77), (117, 125), (126, 128), (129, 130), (132, 133), (136, 137), (138, 140), (142, 158), (160, 171), (175, 176), (211, 214), (215, 216), (223, 224), (225, 243), (245, 248), (250, 251), (252, 255)]
[(0, 46), (49, 71), (74, 76), (117, 124), (126, 127), (132, 133), (134, 135), (136, 137), (138, 143), (145, 159), (160, 172), (175, 177), (211, 214), (215, 216), (217, 226), (228, 251), (254, 255)]
[(0, 45), (48, 70), (73, 75), (117, 126), (129, 133), (136, 142), (143, 158), (160, 172), (176, 177), (217, 218), (220, 240), (243, 245), (248, 249)]
[(0, 44), (47, 69), (73, 74), (117, 125), (129, 131), (132, 135), (136, 137), (138, 158), (160, 173), (176, 180), (219, 222), (227, 228), (230, 240), (242, 244)]
[(0, 43), (46, 68), (71, 72), (117, 127), (128, 130), (132, 135), (136, 137), (139, 141), (142, 158), (161, 174), (181, 183), (184, 185), (186, 188), (189, 191), (192, 193), (195, 200), (233, 244)]
[(0, 42), (46, 66), (117, 127), (129, 130), (132, 134), (136, 138), (139, 158), (160, 178), (182, 183), (184, 196), (201, 203), (237, 239), (240, 242), (244, 245), (246, 247)]
[(0, 42), (44, 65), (69, 70), (117, 127), (132, 135), (136, 138), (139, 141), (142, 158), (161, 202), (204, 206), (237, 244), (249, 250)]
[(0, 41), (43, 70), (88, 89), (117, 128), (131, 134), (136, 138), (140, 141), (142, 158), (161, 205), (206, 209), (238, 242), (245, 246)]
[(0, 40), (43, 70), (88, 90), (117, 128), (129, 135), (136, 138), (140, 141), (143, 157), (161, 208), (209, 212), (239, 240), (241, 242)]
[(0, 35), (40, 70), (88, 89), (117, 132), (133, 138), (140, 156), (158, 159), (161, 214), (225, 227), (239, 240), (242, 243)]
[(0, 33), (34, 70), (117, 126), (128, 139), (140, 156), (161, 176), (179, 225), (228, 230), (244, 246)]
[(0, 31), (32, 70), (117, 139), (140, 158), (159, 175), (179, 228), (230, 231)]
[(0, 30), (31, 70), (117, 129), (131, 133), (134, 135), (137, 140), (141, 144), (145, 221), (222, 229), (231, 233), (235, 237)]
[(0, 28), (29, 70), (75, 76), (117, 126), (127, 130), (131, 140), (142, 145), (147, 229), (231, 236)]
[(0, 27), (28, 70), (82, 84), (117, 126), (127, 129), (131, 141), (142, 147), (149, 234), (235, 237)]
[(0, 26), (27, 70), (117, 142), (144, 164), (166, 232), (233, 235), (236, 238), (239, 241)]
[(0, 25), (26, 70), (117, 130), (133, 144), (145, 189), (190, 223), (224, 225), (226, 230), (232, 234), (251, 252)]
[(0, 24), (25, 70), (117, 191), (193, 221), (222, 224), (225, 226), (227, 228)]
[(0, 23), (24, 40), (41, 49), (56, 57), (58, 70), (117, 138), (141, 218), (229, 230), (233, 234), (242, 243)]
[(0, 21), (22, 43), (66, 72), (78, 79), (117, 135), (143, 157), (163, 169), (173, 206), (216, 217), (219, 220), (222, 224), (225, 228), (230, 234), (235, 236), (239, 242), (244, 245)]
[(0, 40), (41, 44), (71, 76), (79, 80), (117, 133), (147, 182), (185, 202), (210, 213), (216, 219), (224, 227), (228, 229), (231, 234), (236, 239), (240, 243)]
[(0, 40), (42, 43), (51, 54), (57, 60), (61, 64), (75, 80), (117, 130), (153, 164), (175, 200), (203, 204), (205, 210), (213, 216), (219, 225), (227, 231), (233, 236)]
[(0, 40), (42, 43), (50, 53), (57, 73), (78, 82), (117, 127), (181, 196), (199, 203), (206, 207), (211, 212), (214, 216), (218, 233)]
[(0, 40), (54, 55), (56, 57), (58, 76), (80, 83), (117, 125), (198, 201), (210, 211), (212, 213), (215, 229)]
[(0, 39), (55, 59), (61, 79), (81, 84), (117, 122), (188, 189), (190, 191), (198, 201), (202, 205), (206, 209), (211, 212), (213, 224)]
[(0, 39), (55, 57), (58, 80), (82, 84), (86, 87), (89, 90), (118, 119), (176, 185), (186, 188), (189, 190), (191, 193), (199, 203), (205, 220)]
[(0, 40), (62, 63), (64, 81), (82, 85), (86, 87), (88, 90), (148, 149), (170, 171), (172, 176), (179, 180), (181, 208), (209, 216)]
[(0, 38), (39, 41), (70, 90)]
[(0, 38), (39, 43), (64, 65), (69, 86), (87, 90), (91, 92)]
[(0, 39), (42, 49), (75, 84), (87, 92)]
[(0, 44), (49, 83), (87, 91)]
[(0, 55), (79, 84)]
[(0, 82), (84, 87)]
[(0, 48), (49, 85), (87, 89)]
[(0, 87), (89, 91)]
[(0, 89), (91, 93)]
[(0, 91)]
[(0, 93)]
[(0, 65), (71, 96)]
[(0, 45), (50, 66), (67, 90), (94, 98)]
[(0, 94), (95, 98)]
[(0, 86), (97, 99)]
[(0, 79), (81, 99)]
[(0, 68), (69, 70), (74, 75), (78, 80), (86, 98)]
[(0, 39), (40, 70), (73, 76), (80, 94), (95, 96)]
[(0, 41), (42, 53), (59, 67), (69, 72), (76, 81), (82, 93)]
[(0, 36), (38, 67), (72, 76), (79, 90), (94, 95), (193, 197)]
[(0, 39), (41, 62), (68, 73), (79, 82), (83, 91), (186, 193), (199, 201)]
[(0, 44), (61, 70), (78, 85), (86, 89), (91, 93), (180, 187)]
[(0, 69), (79, 83), (84, 88), (89, 91), (176, 182)]
[(0, 69), (77, 79), (80, 84), (86, 88), (90, 91), (173, 174)]
[(0, 69), (79, 92), (171, 175), (177, 179), (180, 196), (197, 199)]
[(0, 69), (81, 91), (95, 96), (170, 171), (172, 202)]
[(0, 69), (80, 82), (83, 94), (168, 205)]
[(0, 69), (81, 82), (84, 91), (92, 97), (167, 208)]
[(0, 69), (83, 84), (86, 89), (93, 97), (167, 209)]
[(0, 69), (81, 82), (84, 85), (86, 87), (88, 90), (94, 98), (166, 208), (209, 211), (217, 218)]
[(0, 69), (76, 79), (82, 91), (92, 94), (95, 98), (165, 210), (211, 212)]
[(0, 69), (76, 79), (86, 87), (89, 92), (93, 95), (96, 98), (165, 211), (212, 215)]
[(0, 69), (78, 80), (82, 84), (86, 87), (88, 89), (90, 93), (95, 99), (100, 101), (164, 216)]
[(0, 70), (74, 76), (79, 80), (81, 82), (88, 89), (94, 97), (98, 99), (163, 217)]
[(0, 70), (74, 76), (78, 79), (80, 85), (87, 91), (92, 96), (163, 218)]
[(0, 70), (74, 76), (77, 78), (80, 81), (82, 85), (86, 90), (91, 92), (93, 96), (162, 218)]
[(0, 70), (74, 77), (81, 87), (88, 89), (90, 92), (93, 94), (95, 96), (161, 218)]
[(0, 70), (74, 76), (83, 84), (92, 93), (94, 95), (151, 157), (161, 219)]
[(0, 70), (74, 76), (81, 83), (85, 88), (91, 93), (94, 95), (160, 220)]
[(0, 70), (74, 75), (77, 78), (79, 80), (81, 84), (85, 87), (90, 95), (152, 157), (159, 178), (180, 181), (183, 184), (188, 221)]
[(0, 70), (74, 78), (81, 91), (93, 96), (152, 157), (158, 179), (180, 182), (189, 221)]
[(0, 70), (74, 76), (78, 79), (80, 85), (88, 89), (94, 96), (98, 99), (146, 147), (150, 153), (158, 180), (181, 183), (184, 186), (188, 189), (191, 223)]
[(0, 70), (74, 77), (83, 84), (88, 89), (91, 92), (93, 94), (97, 98), (101, 104), (146, 147), (150, 151), (157, 187), (192, 224)]
[(0, 70), (74, 76), (80, 81), (83, 84), (85, 86), (87, 88), (91, 92), (93, 95), (96, 98), (100, 101), (102, 103), (105, 106), (145, 146), (150, 152), (157, 176), (177, 185), (186, 191), (194, 225)]
[(0, 70), (73, 76), (85, 86), (91, 93), (95, 96), (101, 103), (105, 106), (145, 146), (149, 152), (157, 195), (196, 226)]
[(0, 71), (74, 76), (79, 81), (82, 83), (86, 88), (91, 95), (100, 101), (105, 107), (145, 146), (149, 152), (157, 197), (201, 206), (214, 226)]
[(0, 77), (78, 79), (88, 89), (94, 96), (97, 101), (106, 107), (145, 146), (149, 152), (157, 196), (197, 201), (216, 227)]
[(0, 75), (89, 93), (94, 95), (96, 103), (145, 146), (149, 152), (158, 202), (215, 228)]
[(0, 73), (74, 75), (86, 87), (88, 90), (95, 100), (101, 102), (145, 146), (149, 153), (158, 202), (203, 204), (205, 206), (214, 229)]
[(0, 76), (78, 79), (85, 86), (96, 97), (98, 99), (101, 102), (106, 107), (145, 146), (150, 154), (159, 206), (207, 208), (213, 230)]
[(0, 76), (78, 80), (88, 90), (91, 92), (94, 95), (97, 100), (101, 102), (145, 146), (149, 154), (161, 201), (202, 207), (208, 209), (212, 231)]
[(0, 76), (77, 78), (79, 81), (89, 90), (98, 99), (104, 105), (146, 147), (149, 155), (161, 201), (202, 207), (208, 210), (212, 232)]
[(0, 73), (76, 78), (80, 81), (88, 89), (90, 91), (92, 93), (94, 95), (96, 97), (98, 100), (146, 147), (148, 156), (163, 210), (212, 215), (220, 231)]
[(0, 73), (74, 75), (89, 90), (96, 101), (146, 147), (148, 158), (164, 210), (212, 214), (223, 235)]
[(0, 73), (89, 90), (102, 104), (147, 159), (165, 213), (226, 233)]
[(0, 73), (96, 97), (98, 99), (100, 101), (147, 161), (167, 205), (213, 216)]
[(0, 73), (89, 90), (98, 101), (102, 104), (147, 148), (149, 162), (164, 165), (168, 204), (213, 215), (222, 224)]
[(0, 73), (75, 76), (95, 96), (97, 101), (102, 103), (104, 105), (107, 108), (147, 163), (165, 166), (168, 203), (213, 216), (222, 225)]
[(0, 73), (95, 96), (99, 101), (146, 164), (166, 167), (170, 202), (204, 205), (214, 216), (222, 225)]
[(0, 73), (95, 97), (145, 166), (167, 168), (171, 201), (204, 205), (214, 218), (221, 225)]
[(0, 73), (100, 101), (144, 162), (163, 167), (168, 169), (172, 201), (215, 217), (222, 225)]
[(0, 71), (72, 73), (89, 90), (92, 93), (95, 96), (99, 100), (105, 107), (143, 167), (169, 170), (173, 200), (211, 212), (216, 217), (222, 226)]
[(0, 70), (72, 74), (89, 90), (95, 96), (97, 99), (143, 168), (174, 200), (211, 213), (222, 225)]
[(0, 71), (86, 87), (91, 92), (95, 97), (98, 100), (143, 159), (162, 169), (174, 193), (195, 199), (202, 203), (213, 216), (222, 225)]
[(0, 71), (95, 96), (98, 99), (140, 141), (144, 161), (164, 169), (176, 191), (194, 199), (214, 217)]
[(0, 70), (95, 98), (144, 169), (180, 190), (192, 198), (216, 217)]
[(0, 70), (97, 98), (140, 141), (146, 163), (164, 169), (183, 189), (191, 197), (217, 218)]
[(0, 70), (140, 142), (146, 166), (167, 169), (170, 172), (177, 180), (190, 196), (218, 219), (223, 224)]
[(0, 70), (140, 142), (145, 146), (148, 168), (170, 171), (172, 173), (175, 178), (180, 182), (189, 195), (219, 222)]
[(0, 70), (89, 90), (139, 144), (146, 148), (150, 151), (153, 167), (169, 170), (175, 176), (178, 181), (182, 184), (188, 194)]
[(0, 70), (71, 72), (139, 146), (147, 149), (151, 166), (168, 171), (175, 178), (180, 182), (188, 192)]
[(0, 70), (138, 148), (149, 164), (167, 172), (173, 177), (178, 184), (186, 191)]
[(0, 70), (137, 150), (152, 162), (164, 175), (180, 191)]
[(0, 70), (136, 154), (156, 190)]
[(0, 70), (135, 190)]
[(0, 70), (133, 186), (187, 190)]
[(0, 70), (133, 186), (187, 190)]
[(0, 71), (132, 186), (187, 191)]
[(0, 71), (131, 133), (136, 138), (139, 140), (141, 186), (188, 191)]
[(0, 72), (137, 139), (151, 153), (154, 186), (188, 192)]
[(0, 72), (153, 163), (164, 166), (167, 172), (173, 186), (189, 192)]
[(0, 72), (134, 137), (140, 141), (160, 161), (162, 164), (167, 169), (170, 187), (189, 192)]
[(0, 72), (129, 142), (145, 146), (170, 192)]
[(0, 73), (128, 144), (147, 148), (167, 192)]
[(0, 51), (53, 55), (56, 74), (129, 149), (151, 152), (167, 191)]
[(0, 50), (52, 56), (57, 74), (129, 152), (153, 155), (167, 189)]
[(0, 50), (52, 74), (130, 157), (162, 168)]
[(0, 49), (51, 52), (53, 74), (130, 166)]
[(0, 48), (50, 51), (52, 55), (59, 74), (131, 165)]
[(0, 48), (49, 51), (52, 53), (54, 55), (61, 74), (130, 164)]
[(0, 48), (49, 50), (53, 57), (63, 74), (131, 163)]
[(0, 44), (45, 46), (48, 51), (53, 58), (64, 74), (132, 163)]
[(0, 42), (46, 50), (55, 57), (62, 74), (132, 163)]
[(0, 41), (42, 49), (51, 53), (55, 57), (59, 61), (62, 74), (133, 163)]
[(0, 49), (50, 54), (55, 57), (59, 61), (63, 74), (134, 159), (160, 162)]
[(0, 54), (55, 57), (58, 62), (63, 74), (134, 159), (160, 163)]
[(0, 55), (58, 62), (63, 74), (135, 159), (161, 163)]
[(0, 56), (58, 62), (63, 74), (136, 158), (161, 163)]
[(0, 56), (58, 74), (136, 158), (162, 163)]
[(0, 57), (58, 74), (137, 157), (162, 163)]
[(0, 36), (37, 41), (43, 48), (49, 57), (58, 62), (63, 74), (137, 158), (162, 163)]
[(0, 40), (42, 48), (50, 52), (53, 57), (58, 62), (63, 73), (138, 158), (162, 163)]
[(0, 48), (49, 55), (56, 57), (58, 62), (63, 74), (139, 157), (162, 163)]
[(0, 57), (58, 74), (139, 157), (162, 163)]
[(0, 57), (59, 63), (64, 74), (140, 156)]
[(0, 45), (47, 57), (59, 74), (140, 156)]
[(0, 45), (49, 57), (59, 61), (63, 75), (141, 155)]
[(0, 44), (48, 57), (60, 61), (63, 74), (141, 156)]
[(0, 44), (47, 57), (60, 62), (63, 74), (141, 154)]
[(0, 33), (34, 43), (47, 57), (61, 74), (142, 155)]
[(0, 43), (46, 57), (61, 74), (142, 154)]
[(0, 42), (45, 54), (56, 57), (62, 64), (65, 68), (69, 74), (142, 154)]
[(0, 42), (44, 53), (56, 57), (58, 60), (63, 64), (65, 67), (69, 74), (142, 153)]
[(0, 41), (43, 53), (58, 61), (69, 74), (142, 153)]
[(0, 41), (43, 54), (56, 62), (69, 74), (142, 153)]
[(0, 41), (42, 55), (57, 62), (69, 75), (142, 152)]
[(0, 41), (42, 55), (56, 62), (69, 74), (142, 151)]
[(0, 41), (42, 58), (59, 64), (69, 75), (142, 151)]
[(0, 40), (41, 46), (48, 65), (69, 75), (142, 150)]
[(0, 29), (30, 39), (40, 48), (49, 57), (59, 60), (61, 64), (69, 75), (142, 149)]
[(0, 29), (30, 38), (40, 43), (50, 58), (59, 60), (61, 65), (69, 75), (142, 149)]
[(0, 29), (30, 38), (48, 52), (53, 65), (69, 75), (143, 144), (145, 148)]
[(0, 28), (30, 38), (46, 49), (54, 64), (69, 75), (142, 144), (145, 148)]
[(0, 37), (45, 47), (50, 68), (69, 75), (143, 144), (146, 147)]
[(0, 37), (44, 45), (48, 75), (143, 144), (146, 147)]
[(0, 37), (45, 75)]
[(0, 36), (43, 75)]
[(0, 36), (40, 41), (42, 76)]
[(0, 36), (42, 75)]
[(0, 36), (37, 38), (39, 70), (71, 75)]
[(0, 27), (28, 36), (38, 70), (71, 75)]
[(0, 27), (28, 35), (37, 70), (72, 75)]
[(0, 27), (28, 35), (36, 40), (41, 70), (72, 75)]
[(0, 26), (28, 70), (71, 75)]
[(0, 27), (28, 36), (37, 76)]
[(0, 76)]
[(0, 34), (36, 75)]
[(0, 75)]
[(0, 76)]
[(0, 76)]
[(0, 42), (43, 75)]
[(0, 75)]
[(0, 75)]
[(0, 33), (34, 75)]
[(0, 75)]
[(0, 75)]
[(0, 33), (35, 76)]
[(0, 58), (61, 76)]
[(0, 55), (59, 76)]
[(0, 49), (56, 76)]
[(0, 43), (49, 76)]
[(0, 42), (43, 61), (63, 75)]
[(0, 32), (33, 34), (42, 60), (64, 76)]
[(0, 28), (37, 59), (60, 63), (64, 76)]
[(0, 27), (34, 37), (39, 58), (60, 63), (64, 77)]
[(0, 28), (32, 76)]
[(0, 27), (29, 76)]
[(0, 76)]
[(0, 26), (27, 57), (60, 61), (64, 76)]
[(0, 51), (55, 59), (61, 64), (66, 76)]
[(0, 25), (26, 48), (52, 56), (60, 62), (64, 65), (67, 76)]
[(0, 25), (26, 46), (48, 54), (58, 64), (69, 76)]
[(0, 26), (27, 44), (45, 52), (56, 68), (70, 76)]
[(0, 26), (27, 41), (43, 48), (49, 51), (52, 76)]
[(0, 25), (26, 37), (41, 62), (63, 76)]
[(0, 35), (37, 48), (51, 52), (57, 65), (67, 76)]
[(0, 25), (26, 33), (35, 45), (46, 50), (53, 60), (64, 74), (75, 76)]
[(0, 25), (26, 48), (60, 76)]
[(0, 25), (26, 34), (36, 41), (44, 46), (48, 74)]
[(0, 25), (26, 33), (39, 74)]
[(0, 26), (27, 31), (33, 69), (70, 72)]
[(0, 24), (25, 26), (28, 41), (44, 58), (60, 69), (70, 72)]
[(0, 24), (25, 26), (28, 35), (37, 38), (39, 59), (60, 69), (71, 72)]
