(256, 256)
[(0, 6), (7, 22), (210, 211), (212, 214), (255, 256)]
[(0, 6), (7, 22), (209, 210), (212, 214)]
[(0, 6), (7, 22)]
[(0, 22)]
[(0, 22)]
[(0, 22), (144, 145), (179, 181), (211, 212)]
[(0, 5), (6, 22), (178, 180), (181, 182)]
[(0, 5), (6, 22), (180, 181), (184, 185)]
[(0, 5), (6, 22), (139, 141)]
[(0, 5), (6, 22)]
[(0, 22), (181, 182), (196, 198), (201, 202), (204, 209)]
[(0, 22), (181, 182), (186, 188), (199, 200), (206, 212)]
[(0, 6), (7, 22), (181, 183), (186, 188), (190, 212)]
[(0, 6), (7, 17), (18, 22), (181, 183), (186, 188)]
[(0, 6), (7, 22), (181, 183), (185, 188)]
[(0, 6), (7, 22), (181, 183), (184, 188)]
[(0, 17), (18, 22), (135, 137), (182, 188), (190, 202), (207, 209)]
[(0, 17), (18, 22), (135, 139), (182, 188), (189, 212)]
[(0, 17), (18, 22), (134, 138), (183, 188), (190, 212)]
[(0, 17), (19, 22), (133, 141), (183, 188), (211, 212)]
[(0, 17), (19, 22), (125, 126), (135, 139), (183, 188)]
[(0, 22), (124, 125), (136, 140), (179, 181), (183, 188), (189, 203), (204, 205), (206, 209), (211, 212)]
[(0, 17), (19, 22), (122, 124), (135, 139), (178, 181), (183, 188), (189, 212)]
[(0, 18), (19, 22), (122, 123), (136, 138), (178, 181), (183, 212)]
[(0, 17), (19, 22), (121, 122), (178, 181), (183, 212), (254, 256)]
[(0, 18), (19, 23), (135, 136), (178, 180), (183, 212), (253, 256)]
[(0, 22), (132, 135), (179, 181), (182, 212), (253, 256)]
[(0, 17), (18, 22), (129, 135), (179, 180), (182, 212), (254, 256)]
[(0, 18), (19, 23), (129, 132), (144, 160), (179, 180), (182, 185), (186, 212), (252, 256)]
[(0, 23), (128, 131), (134, 136), (143, 163), (187, 212), (254, 256)]
[(0, 23), (129, 130), (135, 136), (143, 152), (153, 163), (164, 165), (176, 178), (182, 184), (186, 212), (251, 256)]
[(0, 23), (144, 153), (154, 157), (158, 162), (176, 177), (178, 179), (182, 184), (186, 212), (250, 256)]
[(0, 23), (145, 151), (152, 154), (157, 159), (161, 168), (177, 178), (182, 184), (186, 212), (250, 256)]
[(0, 22), (131, 132), (136, 137), (144, 145), (147, 152), (154, 155), (159, 164), (182, 184), (186, 212), (250, 256)]
[(0, 23), (128, 129), (145, 147), (148, 153), (156, 159), (160, 162), (182, 212), (249, 256)]
[(0, 22), (127, 128), (145, 147), (150, 152), (153, 155), (159, 160), (182, 212), (249, 256)]
[(0, 22), (126, 128), (146, 148), (154, 157), (166, 171), (182, 212), (249, 256)]
[(0, 22), (126, 128), (146, 148), (150, 155), (163, 168), (172, 173), (182, 212), (250, 256)]
[(0, 22), (135, 136), (146, 147), (149, 150), (151, 152), (160, 165), (166, 169), (183, 212), (245, 247), (250, 256)]
[(0, 22), (131, 139), (147, 148), (156, 161), (163, 168), (183, 212), (246, 247), (250, 256)]
[(0, 22), (126, 127), (129, 134), (135, 139), (151, 152), (155, 162), (183, 212), (245, 256)]
[(0, 22), (129, 132), (135, 137), (155, 161), (179, 181), (183, 212), (244, 256)]
[(0, 22), (133, 136), (150, 160), (179, 180), (183, 212), (241, 242), (244, 256)]
[(0, 23), (157, 158), (179, 180), (183, 211), (242, 243), (244, 256)]
[(0, 22), (127, 128), (129, 132), (145, 146), (151, 156), (157, 160), (161, 162), (178, 179), (183, 212), (240, 241), (244, 256)]
[(0, 22), (126, 136), (142, 148), (149, 163), (178, 180), (183, 212), (240, 241), (244, 256)]
[(0, 23), (126, 139), (143, 149), (150, 163), (164, 166), (178, 179), (182, 212), (243, 256)]
[(0, 22), (126, 141), (146, 149), (151, 161), (163, 166), (178, 179), (182, 212), (243, 256)]
[(0, 23), (126, 132), (134, 141), (146, 149), (150, 162), (165, 168), (169, 170), (182, 212), (243, 256)]
[(0, 23), (126, 131), (135, 142), (146, 148), (150, 159), (160, 162), (169, 170), (181, 212), (241, 256)]
[(0, 23), (128, 131), (132, 136), (138, 142), (146, 147), (149, 153), (154, 158), (159, 160), (169, 170), (181, 212), (239, 240), (242, 256)]
[(0, 23), (133, 135), (136, 138), (140, 143), (144, 146), (147, 148), (150, 151), (156, 159), (168, 170), (171, 172), (173, 175), (180, 184), (185, 212), (239, 240), (241, 256)]
[(0, 23), (136, 137), (139, 144), (149, 160), (167, 170), (171, 173), (174, 176), (180, 184), (186, 212), (240, 256)]
[(0, 23), (150, 161), (163, 170), (171, 176), (180, 184), (186, 212), (238, 256)]
[(0, 23), (151, 166), (167, 170), (171, 174), (175, 176), (182, 183), (186, 212), (238, 256)]
[(0, 23), (159, 167), (168, 170), (179, 180), (182, 183), (185, 212), (237, 256)]
[(0, 23), (142, 143), (151, 152), (161, 166), (168, 170), (171, 172), (177, 180), (182, 212), (236, 256)]
[(0, 23), (142, 144), (150, 153), (163, 166), (168, 170), (177, 180), (182, 212), (237, 256)]
[(0, 23), (142, 144), (149, 150), (152, 154), (156, 157), (169, 170), (178, 180), (182, 212), (237, 256)]
[(0, 23), (141, 144), (148, 149), (150, 152), (153, 155), (168, 170), (177, 180), (182, 212), (238, 256)]
[(0, 23), (141, 143), (144, 145), (148, 150), (151, 153), (156, 157), (159, 160), (168, 171), (178, 180), (182, 212), (238, 256)]
[(0, 23), (141, 143), (146, 148), (149, 151), (153, 154), (156, 160), (182, 212), (238, 256)]
[(0, 23), (142, 143), (145, 149), (159, 162), (182, 212), (238, 256)]
[(0, 23), (144, 146), (162, 167), (169, 173), (182, 212), (238, 256)]
[(0, 23), (143, 147), (159, 166), (167, 173), (177, 178), (182, 212), (238, 252)]
[(0, 23), (143, 150), (151, 152), (158, 160), (161, 162), (165, 166), (167, 171), (172, 173), (176, 177), (183, 212), (242, 244), (245, 246)]
[(0, 23), (157, 160), (170, 171), (175, 176), (183, 212), (254, 256)]
[(0, 23), (133, 134), (155, 156), (157, 158), (159, 161), (174, 175), (176, 177), (178, 180), (184, 212), (249, 256)]
[(0, 23), (129, 138), (153, 157), (160, 162), (174, 175), (177, 178), (185, 212), (245, 246), (249, 251), (253, 254)]
[(0, 23), (133, 138), (151, 158), (175, 176), (185, 212), (246, 251), (252, 253), (254, 255)]
[(0, 23), (136, 137), (152, 158), (162, 163), (185, 212), (242, 249), (250, 256)]
[(0, 23), (152, 159), (185, 212), (241, 256)]
[(0, 23), (143, 144), (145, 147), (154, 155), (157, 161), (172, 175), (184, 212), (242, 244), (245, 247), (248, 256)]
[(0, 23), (143, 144), (146, 148), (157, 163), (166, 169), (171, 175), (184, 212), (243, 256)]
[(0, 24), (135, 140), (155, 164), (168, 171), (172, 174), (180, 181), (184, 212), (243, 244), (245, 256)]
[(0, 23), (37, 38), (135, 141), (142, 144), (156, 158), (159, 166), (169, 171), (172, 175), (178, 183), (184, 212), (245, 256)]
[(0, 24), (134, 141), (144, 145), (156, 168), (171, 173), (174, 175), (177, 183), (184, 212), (244, 256)]
[(0, 24), (134, 143), (144, 148), (159, 164), (165, 166), (176, 212), (245, 256)]
[(0, 24), (133, 146), (148, 149), (151, 152), (177, 212), (245, 256)]
[(0, 24), (134, 147), (151, 153), (178, 182), (183, 212), (246, 256)]
[(0, 24), (45, 46), (134, 139), (140, 147), (150, 154), (183, 212), (243, 256)]
[(0, 24), (135, 139), (141, 144), (150, 155), (180, 181), (182, 212), (240, 256)]
[(0, 24), (139, 143), (150, 153), (181, 212), (239, 256)]
[(0, 24), (133, 134), (135, 137), (138, 140), (149, 152), (154, 158), (181, 212), (240, 256)]
[(0, 24), (44, 45), (134, 143), (148, 152), (153, 159), (179, 212), (240, 256)]
[(0, 24), (131, 136), (137, 141), (143, 144), (148, 152), (154, 160), (179, 184), (185, 212), (240, 256)]
[(0, 24), (37, 38), (132, 145), (147, 150), (152, 153), (154, 160), (161, 163), (179, 182), (183, 184), (185, 212), (242, 256)]
[(0, 24), (137, 138), (141, 150), (155, 157), (158, 160), (162, 164), (168, 171), (179, 180), (182, 212), (244, 256)]
[(0, 24), (139, 144), (145, 151), (153, 158), (160, 161), (163, 165), (169, 170), (173, 174), (179, 180), (182, 212), (242, 256)]
[(0, 24), (134, 135), (140, 151), (153, 159), (161, 162), (164, 165), (167, 168), (171, 173), (176, 178), (179, 182), (184, 213), (219, 220), (230, 256)]
[(0, 24), (37, 38), (142, 145), (147, 152), (153, 161), (167, 168), (172, 182), (184, 256)]
[(0, 24), (37, 38), (118, 120), (147, 151), (153, 163), (174, 177), (178, 183), (184, 256)]
[(0, 24), (117, 135), (148, 150), (152, 161), (174, 175), (180, 182), (184, 256)]
[(0, 24), (117, 137), (148, 149), (152, 154), (155, 161), (166, 169), (174, 175), (178, 183), (184, 256)]
[(0, 24), (44, 45), (51, 52), (117, 141), (152, 156), (157, 158), (159, 161), (162, 172), (174, 175), (177, 183), (184, 256)]
[(0, 24), (37, 38), (117, 142), (148, 149), (158, 171), (172, 256)]
[(0, 24), (117, 172), (173, 176), (179, 180), (181, 256)]
[(0, 24), (117, 178), (179, 180), (181, 182), (183, 256)]
[(0, 24), (44, 46), (117, 178), (179, 182), (183, 256)]
[(0, 24), (44, 45), (117, 181), (182, 256)]
[(0, 24), (44, 45), (117, 177), (178, 256)]
[(0, 24), (117, 171), (172, 173), (174, 175), (176, 177), (179, 256)]
[(0, 24), (44, 45), (117, 153), (155, 170), (172, 174), (175, 176), (179, 256)]
[(0, 24), (37, 38), (137, 138), (141, 142), (146, 151), (152, 153), (156, 176), (177, 256)]
[(0, 24), (37, 38), (158, 175), (176, 256)]
[(0, 24), (37, 38), (160, 171), (172, 177), (178, 256)]
[(0, 24), (44, 45), (162, 170), (173, 176), (177, 256)]
[(0, 24), (37, 38), (164, 171), (174, 175), (178, 256)]
[(0, 24), (44, 45), (167, 172), (173, 174), (176, 177), (178, 256)]
[(0, 24), (167, 175), (176, 178), (179, 256)]
[(0, 24), (44, 45), (165, 256)]
[(0, 24), (163, 256)]
[(0, 24), (44, 45), (160, 172), (175, 176), (178, 183), (184, 256)]
[(0, 24), (37, 38), (44, 45), (157, 173), (177, 183), (184, 256)]
[(0, 24), (37, 38), (44, 45), (50, 52), (152, 171), (177, 183), (184, 256)]
[(0, 24), (37, 38), (44, 45), (116, 122), (148, 168), (170, 171), (175, 256)]
[(0, 25), (37, 38), (44, 45), (116, 163), (164, 166), (167, 168), (174, 256)]
[(0, 24), (44, 45), (51, 52), (116, 165), (175, 256)]
[(0, 24), (37, 38), (44, 45), (51, 52), (116, 160), (175, 178), (179, 256)]
[(0, 24), (44, 45), (51, 52), (116, 168), (176, 177), (180, 256)]
[(0, 25), (51, 52), (116, 140), (145, 166), (176, 177), (178, 179), (180, 256)]
[(0, 25), (37, 38), (116, 137), (146, 167), (176, 179), (181, 256)]
[(0, 25), (37, 38), (44, 45), (116, 133), (146, 167), (175, 178), (181, 256)]
[(0, 25), (30, 31), (37, 38), (44, 45), (116, 130), (145, 147), (148, 166), (175, 178), (181, 256)]
[(0, 25), (37, 38), (44, 45), (51, 52), (116, 128), (145, 165), (174, 179), (181, 256)]
[(0, 25), (37, 38), (44, 45), (51, 52), (116, 127), (134, 138), (145, 164), (174, 179), (181, 256)]
[(0, 25), (30, 31), (37, 38), (44, 45), (51, 52), (116, 127), (130, 139), (145, 149), (150, 162), (174, 179), (181, 256)]
[(0, 25), (37, 38), (44, 45), (51, 52), (116, 126), (129, 132), (134, 137), (139, 141), (145, 160), (174, 179), (181, 256)]
[(0, 25), (30, 31), (37, 38), (44, 45), (50, 52), (116, 127), (128, 137), (146, 157), (173, 177), (178, 179), (181, 256)]
[(0, 25), (30, 31), (37, 38), (44, 45), (50, 52), (116, 128), (129, 133), (146, 154), (158, 159), (174, 178), (181, 256)]
[(0, 25), (37, 38), (44, 45), (50, 52), (116, 127), (129, 134), (135, 136), (147, 149), (154, 156), (168, 169), (174, 178), (181, 256)]
[(0, 25), (30, 31), (44, 45), (50, 52), (116, 128), (149, 150), (157, 158), (166, 167), (174, 176), (177, 178), (181, 256)]
[(0, 25), (31, 32), (37, 38), (44, 45), (50, 52), (116, 133), (146, 156), (176, 178), (180, 256)]
[(0, 25), (30, 31), (37, 38), (44, 45), (51, 52), (116, 152), (157, 161), (176, 178), (180, 256)]
[(0, 25), (37, 38), (44, 45), (50, 52), (140, 142), (144, 156), (176, 178), (179, 256)]
[(0, 25), (31, 32), (37, 38), (44, 45), (50, 52), (145, 154), (157, 162), (176, 178), (179, 256)]
[(0, 25), (30, 31), (37, 38), (44, 45), (50, 52), (146, 159), (162, 165), (175, 177), (178, 256)]
[(0, 25), (30, 31), (37, 38), (44, 45), (50, 52), (143, 145), (146, 147), (149, 156), (157, 162), (175, 177), (178, 183), (184, 256)]
[(0, 25), (31, 32), (37, 38), (51, 52), (141, 142), (143, 146), (147, 148), (152, 167), (175, 177), (178, 183), (184, 256)]
[(0, 25), (31, 32), (142, 144), (145, 150), (155, 164), (166, 168), (175, 177), (178, 256)]
[(0, 25), (38, 39), (44, 45), (50, 52), (143, 151), (158, 170), (172, 173), (176, 256)]
[(0, 25), (37, 38), (44, 45), (50, 52), (146, 154), (160, 176), (177, 256)]
[(0, 25), (31, 32), (37, 38), (44, 45), (50, 52), (58, 59), (149, 153), (162, 256)]
[(0, 25), (37, 38), (44, 45), (50, 52), (136, 147), (150, 156), (163, 179), (180, 256)]
[(0, 25), (37, 38), (44, 45), (50, 52), (58, 59), (140, 149), (150, 155), (166, 178), (179, 181), (182, 256)]
[(0, 25), (37, 38), (44, 45), (50, 52), (58, 59), (140, 149), (150, 159), (172, 174), (175, 177), (178, 181), (183, 256)]
[(0, 25), (37, 38), (50, 52), (58, 59), (149, 157), (158, 160), (173, 175), (176, 180), (181, 182), (183, 256)]
[(0, 25), (37, 38), (50, 52), (58, 59), (116, 143), (148, 164), (165, 167), (176, 177), (180, 256)]
[(0, 25), (50, 52), (58, 59), (116, 141), (142, 172), (175, 177), (181, 256)]
[(0, 25), (44, 45), (50, 52), (58, 59), (116, 138), (139, 140), (143, 145), (146, 175), (176, 179), (181, 256)]
[(0, 25), (37, 38), (50, 52), (58, 59), (116, 127), (130, 134), (136, 140), (146, 179), (180, 256)]
[(0, 25), (37, 38), (44, 46), (50, 52), (58, 59), (115, 128), (130, 140), (145, 174), (175, 256)]
[(0, 25), (37, 38), (44, 45), (50, 52), (58, 59), (116, 125), (132, 133), (134, 138), (148, 174), (175, 256)]
[(0, 25), (37, 38), (45, 46), (50, 52), (116, 125), (129, 130), (148, 174), (175, 256)]
[(0, 24), (52, 53), (116, 126), (132, 135), (137, 140), (146, 174), (175, 256)]
[(0, 24), (30, 32), (45, 46), (58, 59), (116, 126), (130, 139), (142, 143), (146, 172), (173, 174), (176, 256)]
[(0, 24), (37, 38), (41, 43), (51, 52), (58, 59), (121, 127), (131, 136), (137, 141), (142, 144), (146, 173), (175, 256)]
[(0, 25), (30, 31), (36, 39), (50, 52), (132, 135), (137, 139), (141, 142), (146, 174), (175, 177), (178, 183), (184, 256)]
[(0, 24), (34, 35), (45, 46), (50, 52), (58, 59), (135, 136), (145, 177), (178, 183), (184, 256)]
[(0, 25), (50, 53), (58, 59), (145, 177), (178, 256)]
[(0, 25), (44, 46), (50, 52), (58, 59), (60, 61), (148, 173), (174, 179), (180, 256)]
[(0, 25), (37, 39), (45, 46), (50, 52), (58, 59), (148, 172), (173, 178), (180, 256)]
[(0, 24), (38, 39), (50, 52), (58, 61), (126, 128), (131, 132), (146, 170), (171, 173), (174, 179), (181, 256)]
[(0, 24), (31, 32), (45, 46), (51, 52), (58, 60), (124, 127), (128, 132), (143, 157), (158, 171), (172, 173), (174, 179), (181, 215), (216, 256)]
[(0, 24), (30, 31), (45, 46), (50, 52), (58, 59), (124, 127), (128, 131), (142, 155), (158, 167), (171, 172), (175, 179), (181, 212), (226, 246), (252, 256)]
[(0, 24), (51, 53), (58, 61), (125, 134), (140, 147), (151, 152), (158, 167), (172, 173), (175, 179), (181, 212), (227, 256)]
[(0, 24), (31, 32), (45, 46), (51, 52), (58, 61), (127, 134), (137, 146), (157, 171), (174, 179), (181, 212), (228, 231), (232, 237), (239, 256)]
[(0, 24), (31, 32), (45, 46), (51, 52), (58, 61), (128, 134), (135, 147), (156, 171), (173, 179), (181, 212), (233, 236), (238, 239), (240, 256)]
[(0, 24), (31, 32), (45, 46), (51, 52), (130, 146), (156, 179), (181, 212), (234, 236), (237, 238), (239, 256)]
[(0, 24), (31, 32), (36, 37), (51, 52), (131, 145), (151, 153), (159, 179), (181, 212), (234, 256)]
[(0, 24), (36, 37), (44, 45), (51, 52), (58, 59), (61, 93), (132, 143), (144, 146), (152, 154), (156, 159), (161, 179), (181, 212), (234, 256)]
[(0, 24), (31, 32), (38, 39), (45, 46), (50, 52), (59, 122), (132, 147), (152, 155), (158, 167), (169, 178), (181, 212), (234, 256)]
[(0, 24), (31, 32), (36, 37), (38, 39), (45, 47), (50, 52), (58, 124), (133, 147), (149, 150), (152, 153), (154, 156), (157, 169), (170, 171), (173, 178), (181, 212), (234, 256)]
[(0, 24), (31, 32), (36, 39), (45, 47), (50, 53), (56, 98), (133, 147), (149, 151), (152, 157), (159, 169), (170, 172), (173, 174), (176, 177), (180, 212), (234, 256)]
[(0, 24), (30, 32), (36, 39), (45, 47), (55, 97), (133, 145), (150, 169), (170, 171), (173, 175), (176, 178), (180, 212), (234, 256)]
[(0, 24), (30, 31), (36, 39), (45, 47), (50, 51), (53, 96), (130, 145), (150, 156), (160, 175), (176, 180), (181, 212), (235, 256)]
[(0, 24), (31, 32), (36, 38), (45, 47), (52, 95), (130, 150), (151, 156), (158, 159), (164, 175), (176, 212), (235, 241), (242, 256)]
[(0, 25), (31, 32), (36, 37), (38, 39), (44, 46), (47, 48), (50, 94), (129, 150), (151, 153), (158, 163), (166, 212), (235, 256)]
[(0, 25), (30, 32), (36, 39), (48, 93), (129, 154), (160, 212), (235, 256)]
[(0, 25), (30, 32), (36, 39), (47, 126), (128, 154), (157, 159), (161, 169), (170, 172), (173, 212), (236, 256)]
[(0, 24), (30, 32), (36, 39), (46, 154), (157, 161), (163, 170), (171, 172), (175, 212), (235, 236), (238, 256)]
[(0, 25), (30, 32), (37, 39), (45, 153), (159, 163), (165, 172), (175, 176), (177, 212), (239, 256)]
[(0, 25), (30, 32), (36, 39), (44, 134), (135, 154), (160, 164), (167, 176), (177, 212), (240, 256)]
[(0, 24), (31, 32), (36, 37), (42, 90), (91, 94), (134, 136), (137, 151), (152, 154), (159, 160), (162, 166), (169, 176), (177, 183), (184, 212), (239, 256)]
[(0, 25), (30, 32), (34, 35), (36, 37), (38, 39), (41, 91), (139, 146), (147, 152), (160, 161), (164, 167), (168, 169), (170, 178), (180, 183), (184, 212), (240, 254), (255, 256)]
[(0, 24), (30, 32), (33, 38), (39, 90), (140, 143), (147, 153), (161, 163), (166, 168), (169, 170), (171, 177), (180, 212), (243, 256)]
[(0, 24), (30, 32), (33, 35), (36, 87), (146, 153), (158, 160), (162, 165), (166, 167), (168, 174), (176, 178), (179, 180), (181, 212), (247, 256)]
[(0, 24), (30, 34), (36, 85), (145, 151), (158, 160), (162, 168), (169, 171), (173, 174), (175, 179), (181, 212), (250, 256)]
[(0, 24), (31, 32), (34, 85), (87, 88), (145, 151), (163, 167), (170, 171), (173, 174), (175, 179), (181, 212), (237, 242), (255, 256)]
[(0, 24), (30, 32), (33, 84), (144, 149), (175, 179), (182, 212), (237, 245)]
[(0, 24), (29, 30), (32, 83), (84, 85), (143, 150), (174, 179), (182, 212), (235, 249)]
[(0, 24), (29, 30), (31, 83), (142, 148), (156, 157), (158, 159), (174, 178), (180, 181), (182, 212), (230, 232), (235, 254)]
[(0, 24), (27, 28), (29, 82), (140, 149), (156, 159), (174, 179), (180, 181), (182, 212), (230, 232), (234, 256)]
[(0, 25), (27, 86), (138, 149), (150, 151), (157, 159), (175, 178), (182, 212), (233, 256)]
[(0, 25), (26, 121), (123, 124), (138, 149), (156, 159), (174, 178), (180, 181), (182, 212), (230, 232), (234, 256)]
[(0, 25), (26, 150), (155, 157), (158, 160), (174, 178), (180, 181), (182, 212), (230, 232), (234, 239), (241, 256)]
[(0, 136), (137, 148), (156, 157), (158, 160), (167, 168), (175, 178), (180, 181), (182, 212), (228, 230), (231, 232), (235, 240), (241, 256)]
[(0, 147), (157, 160), (175, 178), (180, 181), (182, 212), (227, 234), (235, 256)]
[(0, 146), (158, 161), (176, 178), (180, 212), (228, 231), (236, 238), (239, 256)]
[(0, 148), (159, 161), (175, 178), (180, 212), (228, 230), (236, 238), (239, 256)]
[(0, 147), (158, 162), (175, 178), (179, 180), (181, 212), (230, 231), (236, 237), (238, 256)]
[(0, 78), (80, 107), (108, 111), (114, 115), (133, 147), (158, 162), (175, 177), (180, 212), (236, 237), (238, 256)]
[(0, 75), (94, 95), (135, 144), (145, 148), (158, 161), (176, 178), (179, 212), (238, 256)]
[(0, 75), (129, 131), (135, 145), (157, 162), (176, 212), (238, 256)]
[(0, 73), (74, 75), (135, 146), (157, 161), (176, 212), (238, 256)]
[(0, 74), (125, 127), (136, 142), (147, 149), (156, 158), (159, 162), (176, 212), (238, 256)]
[(0, 73), (75, 76), (136, 143), (156, 159), (162, 164), (176, 212), (238, 256)]
[(0, 72), (73, 74), (122, 124), (133, 135), (136, 140), (155, 157), (158, 159), (176, 212), (238, 256)]
[(0, 71), (72, 73), (134, 139), (156, 157), (176, 178), (179, 212), (236, 237), (238, 256)]
[(0, 71), (72, 74), (133, 138), (157, 158), (176, 178), (179, 183), (184, 212), (238, 256)]
[(0, 70), (71, 72), (73, 74), (130, 139), (159, 160), (176, 178), (179, 212), (238, 256)]
[(0, 73), (130, 138), (160, 162), (179, 212), (238, 256)]
[(0, 68), (128, 132), (134, 137), (139, 140), (142, 143), (157, 159), (162, 164), (179, 212), (238, 256)]
[(0, 68), (69, 70), (130, 132), (133, 136), (141, 145), (179, 212), (237, 256)]
[(0, 67), (140, 148), (178, 212), (237, 256)]
[(0, 66), (139, 151), (175, 177), (179, 212), (237, 256)]
[(0, 66), (139, 155), (158, 163), (175, 177), (179, 212), (236, 256)]
[(0, 68), (71, 72), (75, 76), (138, 160), (161, 163), (174, 177), (180, 213), (236, 256)]
[(0, 115), (117, 119), (138, 153), (156, 159), (173, 177), (180, 212), (237, 256)]
[(0, 130), (136, 138), (141, 160), (173, 178), (180, 213), (236, 256)]
[(0, 127), (135, 137), (142, 150), (152, 156), (159, 162), (173, 178), (180, 212), (237, 256)]
[(0, 126), (132, 137), (142, 146), (147, 152), (155, 157), (159, 161), (174, 178), (180, 212), (238, 256)]
[(0, 126), (130, 136), (142, 147), (148, 152), (160, 161), (173, 178), (180, 212), (238, 256)]
[(0, 124), (127, 131), (133, 134), (141, 148), (149, 150), (151, 152), (153, 154), (156, 157), (159, 163), (173, 178), (180, 212), (238, 256)]
[(0, 124), (126, 132), (134, 135), (139, 148), (149, 152), (156, 158), (159, 163), (174, 176), (177, 178), (180, 212), (238, 256)]
[(0, 125), (126, 131), (134, 144), (146, 147), (151, 155), (157, 163), (174, 177), (180, 212), (239, 256)]
[(0, 123), (126, 130), (132, 143), (152, 154), (157, 163), (174, 177), (179, 212), (238, 256)]
[(0, 121), (122, 123), (131, 134), (136, 145), (150, 153), (158, 162), (164, 171), (175, 176), (179, 212), (238, 239), (240, 256)]
[(0, 120), (126, 127), (130, 134), (136, 140), (142, 145), (149, 151), (159, 160), (164, 174), (175, 176), (179, 212), (238, 256)]
[(0, 53), (76, 77), (129, 133), (134, 138), (142, 145), (158, 159), (160, 161), (162, 163), (167, 173), (174, 176), (177, 213), (238, 256)]
[(0, 51), (64, 65), (130, 133), (142, 144), (157, 161), (162, 163), (164, 213), (238, 256)]
[(0, 50), (64, 66), (156, 157), (158, 160), (161, 162), (167, 174), (177, 212), (238, 256)]
[(0, 49), (155, 158), (161, 162), (163, 166), (171, 173), (178, 212), (240, 256)]
[(0, 49), (153, 159), (160, 162), (163, 170), (174, 176), (178, 212), (240, 256)]
[(0, 49), (151, 162), (171, 177), (179, 181), (184, 212), (239, 256)]
[(0, 48), (149, 161), (166, 172), (173, 183), (185, 212), (238, 256)]
[(0, 48), (130, 134), (135, 138), (147, 160), (166, 167), (169, 183), (185, 212), (240, 256)]
[(0, 47), (49, 50), (128, 133), (136, 138), (144, 145), (146, 157), (159, 161), (163, 164), (171, 179), (180, 183), (184, 213), (225, 226), (241, 256)]
[(0, 46), (50, 51), (126, 134), (135, 139), (144, 145), (146, 167), (172, 173), (175, 179), (180, 213), (234, 238), (242, 256)]
[(0, 46), (48, 49), (50, 51), (126, 138), (140, 141), (146, 168), (175, 180), (181, 213), (225, 226), (227, 228), (233, 239), (244, 256)]
[(0, 46), (126, 132), (134, 137), (149, 164), (175, 176), (179, 180), (181, 213), (225, 226), (233, 241), (245, 256)]
[(0, 46), (126, 131), (149, 167), (177, 213), (233, 242), (247, 256)]
[(0, 47), (48, 49), (126, 129), (149, 169), (178, 181), (182, 212), (233, 243), (248, 256)]
[(0, 44), (46, 49), (126, 127), (135, 136), (144, 148), (149, 159), (160, 170), (176, 177), (180, 181), (182, 213), (234, 245), (250, 256)]
[(0, 43), (46, 49), (149, 170), (177, 178), (182, 213), (234, 246), (251, 256)]
[(0, 51), (140, 142), (143, 145), (146, 166), (170, 171), (183, 213), (232, 248), (252, 256)]
[(0, 49), (141, 168), (181, 213), (231, 249), (254, 256)]
[(0, 51), (142, 170), (179, 180), (182, 213), (230, 250), (255, 256)]
[(0, 47), (143, 163), (164, 166), (179, 180), (182, 184), (185, 213), (229, 252)]
[(0, 48), (144, 163), (180, 181), (183, 185), (188, 202), (206, 212), (229, 253)]
[(0, 48), (145, 160), (162, 163), (194, 205), (229, 254)]
[(0, 45), (148, 155), (158, 160), (205, 208), (229, 256)]
[(0, 45), (228, 256)]
[(0, 45), (228, 249), (250, 255)]
[(0, 47), (228, 249), (251, 256)]
[(0, 49), (56, 57), (227, 255)]
