(1024, 1024)
[(0, 68), (396, 581), (909, 1024)]
[(0, 68), (395, 581), (908, 1024)]
[(0, 69), (394, 582), (907, 1024)]
[(0, 69), (394, 582), (907, 1024)]
[(0, 70), (393, 583), (906, 1024)]
[(0, 71), (393, 584), (906, 1024)]
[(0, 71), (392, 584), (905, 1024)]
[(0, 72), (391, 585), (904, 1024)]
[(0, 73), (391, 586), (904, 1024)]
[(0, 73), (390, 586), (903, 1024)]
[(0, 74), (389, 587), (902, 1024)]
[(0, 75), (389, 587), (902, 1024)]
[(0, 75), (388, 588), (901, 1024)]
[(0, 76), (387, 589), (900, 1024)]
[(0, 77), (387, 590), (900, 1024)]
[(0, 77), (386, 590), (899, 1024)]
[(0, 78), (385, 591), (898, 1024)]
[(0, 78), (385, 591), (897, 1024)]
[(0, 79), (384, 592), (897, 1024)]
[(0, 80), (383, 593), (896, 1024)]
[(0, 80), (383, 593), (896, 1024)]
[(0, 81), (382, 594), (895, 1024)]
[(0, 82), (381, 595), (894, 1024)]
[(0, 82), (381, 595), (893, 1024)]
[(0, 83), (380, 596), (893, 1024)]
[(0, 84), (379, 597), (892, 1024)]
[(0, 84), (379, 597), (891, 1024)]
[(0, 85), (378, 598), (891, 1024)]
[(0, 86), (377, 599), (890, 1024)]
[(0, 87), (377, 599), (890, 1024)]
[(0, 87), (376, 600), (889, 1024)]
[(0, 88), (375, 601), (888, 1024)]
[(0, 88), (375, 601), (888, 1024)]
[(0, 89), (374, 602), (887, 1024)]
[(0, 90), (374, 603), (886, 1024)]
[(0, 90), (373, 603), (886, 1024)]
[(0, 91), (372, 604), (885, 1024)]
[(0, 92), (371, 604), (885, 1024)]
[(0, 92), (371, 605), (884, 1024)]
[(0, 93), (370, 606), (883, 1024)]
[(0, 93), (370, 606), (883, 1024)]
[(0, 94), (369, 607), (882, 1024)]
[(0, 95), (368, 608), (881, 1024)]
[(0, 95), (368, 608), (881, 1024)]
[(0, 96), (367, 609), (880, 1024)]
[(0, 97), (366, 610), (879, 1024)]
[(0, 98), (366, 611), (879, 1024)]
[(0, 98), (365, 611), (878, 1024)]
[(0, 99), (364, 612), (877, 1024)]
[(0, 100), (364, 613), (877, 1024)]
[(0, 100), (363, 613), (876, 1024)]
[(0, 101), (362, 614), (876, 1024)]
[(0, 101), (362, 615), (875, 1024)]
[(0, 102), (361, 615), (874, 1024)]
[(0, 103), (361, 616), (874, 1024)]
[(0, 104), (360, 616), (873, 1024)]
[(0, 104), (359, 617), (872, 1024)]
[(0, 105), (359, 618), (872, 1024)]
[(0, 105), (358, 618), (871, 1024)]
[(0, 106), (357, 619), (870, 1024)]
[(0, 107), (357, 620), (870, 1024)]
[(0, 107), (356, 620), (869, 1024)]
[(0, 108), (356, 621), (868, 1024)]
[(0, 109), (355, 622), (868, 1024)]
[(0, 109), (354, 622), (867, 1024)]
[(0, 110), (353, 623), (866, 1024)]
[(0, 111), (353, 624), (866, 1024)]
[(0, 111), (352, 624), (865, 1024)]
[(0, 112), (352, 625), (864, 1024)]
[(0, 113), (351, 626), (864, 1024)]
[(0, 113), (350, 626), (863, 1024)]
[(0, 114), (350, 627), (863, 1024)]
[(0, 114), (349, 627), (862, 1024)]
[(0, 115), (348, 628), (861, 1024)]
[(0, 116), (347, 629), (860, 1024)]
[(0, 116), (347, 629), (860, 1024)]
[(0, 117), (346, 630), (859, 1024)]
[(0, 118), (346, 631), (858, 1024)]
[(0, 118), (345, 631), (858, 1024)]
[(0, 119), (344, 632), (857, 1024)]
[(0, 120), (343, 633), (856, 1024)]
[(0, 120), (343, 633), (856, 1024)]
[(0, 121), (342, 634), (855, 1024)]
[(0, 122), (342, 635), (854, 1024)]
[(0, 123), (341, 635), (854, 1024)]
[(0, 123), (340, 636), (853, 1024)]
[(0, 124), (339, 637), (852, 1024)]
[(0, 124), (339, 637), (852, 1024)]
[(0, 125), (338, 638), (851, 1024)]
[(0, 126), (337, 639), (850, 1024)]
[(0, 126), (337, 639), (850, 1024)]
[(0, 127), (336, 640), (849, 1024)]
[(0, 128), (335, 641), (848, 1024)]
[(0, 128), (335, 641), (848, 1024)]
[(0, 129), (334, 642), (847, 1024)]
[(0, 130), (334, 643), (847, 1024)]
[(0, 130), (333, 643), (846, 1024)]
[(0, 131), (332, 644), (845, 1024)]
[(0, 131), (332, 645), (845, 1024)]
[(0, 132), (331, 645), (844, 1024)]
[(0, 133), (330, 646), (843, 1024)]
[(0, 133), (330, 646), (843, 1024)]
[(0, 134), (329, 647), (842, 1024)]
[(0, 135), (328, 648), (841, 1024)]
[(0, 135), (328, 648), (841, 1024)]
[(0, 136), (327, 649), (840, 1024)]
[(0, 137), (326, 650), (839, 1024)]
[(0, 137), (326, 650), (839, 1024)]
[(0, 138), (325, 651), (838, 1024)]
[(0, 139), (324, 652), (837, 1024)]
[(0, 139), (324, 652), (837, 1024)]
[(0, 140), (323, 653), (836, 1024)]
[(0, 141), (323, 654), (836, 1024)]
[(0, 141), (322, 654), (835, 1024)]
[(0, 142), (321, 655), (834, 1024)]
[(0, 142), (321, 655), (834, 1024)]
[(0, 143), (321, 655), (834, 1024)]
[]
[]
[(151, 152), (174, 201), (261, 273), (292, 297), (315, 317), (686, 715), (774, 788), (806, 810), (827, 829)]
[(145, 318), (658, 831)]
[(145, 318), (658, 831)]
[(144, 319), (657, 832)]
[(143, 320), (656, 833)]
[(143, 320), (656, 833)]
[(142, 321), (655, 834)]
[(142, 322), (655, 835)]
[(141, 322), (654, 835)]
[(140, 323), (653, 836)]
[(140, 324), (653, 837)]
[(139, 324), (652, 837)]
[(138, 325), (651, 838)]
[(138, 326), (651, 839)]
[(137, 326), (650, 839)]
[(136, 327), (649, 840)]
[(136, 328), (649, 841)]
[(135, 328), (648, 841)]
[(134, 329), (647, 842)]
[(134, 330), (647, 842)]
[(133, 330), (646, 843)]
[(132, 331), (645, 844)]
[(132, 332), (645, 844)]
[(131, 332), (644, 845)]
[(131, 333), (644, 846)]
[(130, 333), (643, 846)]
[(129, 334), (642, 847)]
[(129, 335), (642, 848)]
[(128, 335), (641, 848)]
[(127, 336), (640, 849)]
[(127, 337), (640, 850)]
[(126, 338), (639, 850)]
[(125, 338), (638, 851)]
[(124, 339), (638, 852)]
[(124, 339), (637, 852)]
[(123, 340), (636, 853)]
[(122, 341), (636, 854)]
[(122, 341), (635, 854)]
[(121, 342), (634, 855)]
[(120, 343), (634, 855)]
[(120, 343), (633, 856)]
[(119, 344), (632, 857)]
[(119, 344), (632, 857)]
[(118, 345), (631, 858)]
[(117, 346), (630, 859)]
[(116, 347), (630, 859)]
[(116, 347), (629, 860)]
[(115, 348), (628, 861)]
[(115, 348), (628, 861)]
[(114, 349), (627, 862)]
[(113, 350), (626, 863)]
[(113, 350), (626, 863)]
[(112, 351), (625, 864)]
[(111, 352), (624, 865)]
[(111, 352), (624, 865)]
[(110, 353), (623, 866)]
[(110, 354), (623, 867)]
[(109, 354), (622, 867)]
[(108, 355), (621, 868)]
[(107, 356), (621, 869)]
[(107, 356), (620, 869)]
[(106, 357), (619, 870)]
[(106, 357), (619, 871)]
[(105, 358), (618, 871)]
[(105, 359), (617, 872)]
[(104, 359), (617, 873)]
[(103, 360), (616, 873)]
[(102, 361), (615, 874)]
[(102, 361), (615, 874)]
[(101, 362), (614, 875)]
[(101, 363), (613, 876)]
[(100, 363), (613, 876)]
[(99, 364), (612, 877)]
[(99, 365), (612, 878)]
[(98, 365), (611, 878)]
[(97, 366), (610, 879)]
[(97, 367), (609, 880)]
[(96, 367), (609, 881)]
[(95, 368), (608, 881)]
[(95, 369), (607, 882)]
[(94, 369), (607, 882)]
[(93, 370), (606, 883)]
[(93, 370), (605, 884)]
[(92, 371), (605, 884)]
[(91, 372), (604, 885)]
[(91, 372), (604, 886)]
[(90, 373), (603, 886)]
[(89, 374), (602, 887)]
[(88, 375), (602, 888)]
[(88, 375), (601, 888)]
[(87, 376), (600, 889)]
[(87, 377), (600, 889)]
[(86, 377), (599, 890)]
[(85, 378), (598, 891)]
[(85, 379), (598, 891)]
[(84, 379), (597, 892)]
[(83, 380), (596, 893)]
[(83, 380), (596, 893)]
[(82, 381), (595, 894)]
[(82, 382), (594, 895)]
[(81, 382), (594, 895)]
[(80, 383), (593, 896)]
[(80, 384), (592, 896)]
[(79, 384), (592, 897)]
[(78, 385), (591, 898)]
[(78, 386), (590, 899)]
[(77, 386), (590, 899)]
[(76, 387), (589, 900)]
[(76, 388), (589, 901)]
[(75, 388), (588, 901)]
[(74, 389), (587, 902)]
[(74, 390), (587, 903)]
[(73, 390), (586, 903)]
[(72, 391), (585, 904)]
[(72, 392), (585, 905)]
[(71, 392), (584, 905)]
[(70, 393), (583, 906)]
[(70, 393), (583, 907)]
[(69, 394), (582, 907)]
[(68, 395), (581, 908)]
[(68, 395), (581, 909)]
[(67, 396), (580, 909)]
[(66, 397), (580, 910)]
[(66, 397), (579, 910)]
[(65, 398), (578, 911)]
[(64, 399), (577, 912)]
[(64, 399), (577, 912)]
[(64, 95), (102, 106), (109, 137), (143, 155), (161, 170), (177, 201), (223, 249), (258, 266), (274, 286), (303, 311), (315, 329), (351, 361), (373, 382), (392, 393), (396, 399), (578, 585), (589, 603), (633, 658), (666, 672), (686, 688), (701, 713), (716, 731), (741, 755), (768, 782), (787, 807), (812, 816), (825, 837), (847, 859), (860, 912)]
[]
[]
[(0, 61), (402, 574), (915, 1024)]
[(0, 62), (402, 575), (914, 1024)]
[(0, 62), (401, 575), (914, 1024)]
[(0, 63), (400, 576), (913, 1024)]
[(0, 64), (400, 576), (913, 1024)]
[(0, 64), (399, 577), (912, 1024)]
[(0, 65), (398, 578), (911, 1024)]
[(0, 65), (398, 579), (910, 1024)]
[(0, 66), (397, 579), (910, 1024)]
[(0, 67), (396, 580), (909, 1024)]
[(0, 67), (396, 580), (909, 1024)]
[(0, 68), (395, 581), (908, 1024)]
[(0, 69), (394, 582), (907, 1024)]
[(0, 69), (394, 582), (907, 1024)]
[(0, 70), (393, 583), (906, 1024)]
[(0, 71), (393, 584), (905, 1024)]
[(0, 71), (392, 584), (905, 1024)]
[(0, 72), (391, 585), (904, 1024)]
[(0, 73), (391, 586), (903, 1024)]
[(0, 73), (390, 586), (903, 1024)]
[(0, 74), (389, 587), (902, 1024)]
[(0, 75), (389, 588), (902, 1024)]
[(0, 75), (388, 588), (901, 1024)]
[(0, 76), (387, 589), (901, 1024)]
[(0, 77), (387, 589), (900, 1024)]
[(0, 77), (386, 590), (899, 1024)]
[(0, 78), (385, 591), (898, 1024)]
[(0, 79), (385, 591), (898, 1024)]
[(0, 79), (384, 592), (897, 1024)]
[(0, 80), (383, 593), (896, 1024)]
[(0, 81), (383, 593), (896, 1024)]
[(0, 81), (382, 594), (895, 1024)]
[(0, 82), (381, 595), (895, 1024)]
[(0, 83), (380, 595), (894, 1024)]
[(0, 83), (380, 596), (893, 1024)]
[(0, 84), (379, 597), (893, 1024)]
[(0, 85), (379, 597), (892, 1024)]
[(0, 85), (378, 598), (891, 1024)]
[(0, 86), (377, 599), (891, 1024)]
[(0, 87), (377, 599), (890, 1024)]
[(0, 87), (376, 600), (889, 1024)]
[(0, 88), (375, 601), (889, 1024)]
[(0, 89), (375, 601), (888, 1024)]
[(0, 89), (374, 602), (887, 1024)]
[(0, 90), (374, 603), (887, 1024)]
[(0, 90), (373, 603), (886, 1024)]
[(0, 91), (372, 604), (885, 1024)]
[(0, 92), (372, 605), (885, 1024)]
[(0, 92), (371, 605), (884, 1024)]
[(0, 93), (370, 606), (883, 1024)]
[(0, 94), (370, 606), (883, 1024)]
[(0, 95), (369, 607), (882, 1024)]
[(0, 95), (369, 608), (881, 1024)]
[(0, 96), (368, 608), (881, 1024)]
[(0, 96), (367, 609), (880, 1024)]
[(0, 97), (366, 610), (879, 1024)]
[(0, 98), (366, 610), (879, 1024)]
[(0, 98), (365, 611), (878, 1024)]
[(0, 99), (365, 612), (877, 1024)]
[(0, 100), (364, 612), (877, 1024)]
[(0, 100), (363, 613), (876, 1024)]
[(0, 101), (362, 614), (875, 1024)]
[(0, 102), (362, 614), (875, 1024)]
[(0, 102), (361, 615), (874, 1024)]
[(0, 103), (361, 616), (873, 1024)]
[(0, 104), (360, 617), (873, 1024)]
[(0, 104), (359, 617), (872, 1024)]
[(0, 105), (358, 618), (871, 1024)]
[(0, 106), (358, 618), (871, 1024)]
[(0, 106), (357, 619), (870, 1024)]
[(0, 107), (356, 620), (869, 1024)]
[(0, 108), (356, 620), (869, 1024)]
[(0, 108), (355, 621), (868, 1024)]
[(0, 109), (354, 622), (868, 1024)]
[(0, 110), (354, 622), (867, 1024)]
[(0, 110), (353, 623), (866, 1024)]
[(0, 111), (353, 624), (866, 1024)]
[(0, 111), (352, 624), (865, 1024)]
[(0, 112), (351, 625), (864, 1024)]
[(0, 113), (351, 626), (864, 1024)]
[(0, 113), (350, 626), (863, 1024)]
[(0, 114), (349, 627), (862, 1024)]
[(0, 115), (349, 627), (861, 1024)]
[(0, 115), (348, 628), (861, 1024)]
[(0, 116), (347, 629), (860, 1024)]
[(0, 117), (347, 630), (860, 1024)]
[(0, 117), (346, 630), (859, 1024)]
[(0, 118), (345, 631), (858, 1024)]
[(0, 118), (345, 631), (858, 1024)]
[(0, 119), (344, 632), (857, 1024)]
[(0, 120), (343, 633), (856, 1024)]
[(0, 120), (343, 634), (856, 1024)]
[(0, 121), (342, 634), (855, 1024)]
[(0, 122), (342, 635), (854, 1024)]
[(0, 122), (341, 635), (854, 1024)]
[(0, 123), (340, 636), (853, 1024)]
[(0, 124), (340, 636), (852, 1024)]
[(0, 124), (339, 637), (852, 1024)]
[(0, 125), (338, 638), (851, 1024)]
[(0, 125), (338, 639), (850, 1024)]
[(0, 126), (337, 639), (850, 1024)]
[(0, 127), (336, 640), (849, 1024)]
[(0, 127), (336, 640), (849, 1024)]
[(0, 128), (335, 641), (848, 1024)]
[(0, 129), (335, 642), (847, 1024)]
[(0, 129), (334, 642), (847, 1024)]
[(0, 130), (333, 643), (846, 1024)]
[(0, 131), (333, 644), (845, 1024)]
[(0, 132), (332, 644), (845, 1024)]
[(0, 132), (331, 645), (844, 1024)]
[(0, 133), (330, 646), (843, 1024)]
[(0, 133), (330, 646), (843, 1024)]
[(0, 134), (329, 647), (842, 1024)]
[(0, 135), (329, 648), (842, 1024)]
[(0, 135), (328, 648), (841, 1024)]
[(0, 136), (327, 649), (840, 1024)]
[(0, 137), (326, 650), (840, 1024)]
[(0, 137), (326, 650), (839, 1024)]
[(0, 138), (325, 651), (838, 1024)]
[(0, 139), (325, 652), (838, 1024)]
[(0, 139), (324, 652), (837, 1024)]
[(0, 140), (323, 653), (836, 1024)]
[(0, 141), (323, 654), (836, 1024)]
[(0, 141), (322, 654), (835, 1024)]
[(0, 142), (321, 655), (834, 1024)]
[(0, 142), (320, 655), (834, 1024)]
[(0, 142), (321, 655), (834, 1024)]
[]
[]
[(160, 166), (178, 194), (220, 235), (250, 254), (270, 275), (288, 297), (660, 661), (663, 665), (716, 729), (734, 747), (774, 784), (810, 816)]
[(145, 318), (658, 831)]
[(145, 319), (658, 831)]
[(144, 319), (657, 832)]
[(143, 320), (656, 833)]
[(143, 320), (656, 833)]
[(142, 321), (655, 834)]
[(142, 322), (655, 835)]
[(141, 322), (654, 835)]
[(140, 323), (653, 836)]
[(140, 324), (653, 837)]
[(139, 324), (652, 837)]
[(138, 325), (651, 838)]
[(138, 325), (651, 839)]
[(137, 326), (650, 839)]
[(136, 327), (649, 840)]
[(136, 327), (649, 841)]
[(135, 328), (648, 841)]
[(134, 329), (648, 842)]
[(134, 329), (647, 842)]
[(133, 330), (646, 843)]
[(132, 331), (646, 844)]
[(132, 331), (645, 844)]
[(131, 332), (644, 845)]
[(130, 333), (644, 846)]
[(130, 333), (643, 846)]
[(129, 334), (642, 847)]
[(129, 335), (642, 848)]
[(128, 335), (641, 848)]
[(127, 336), (640, 849)]
[(127, 337), (640, 850)]
[(126, 337), (639, 850)]
[(125, 338), (638, 851)]
[(125, 339), (638, 852)]
[(124, 339), (637, 852)]
[(123, 340), (636, 853)]
[(123, 341), (635, 854)]
[(122, 342), (635, 854)]
[(121, 342), (634, 855)]
[(121, 343), (633, 855)]
[(120, 343), (633, 856)]
[(119, 344), (632, 857)]
[(119, 345), (631, 857)]
[(118, 345), (631, 858)]
[(117, 346), (630, 859)]
[(117, 347), (630, 860)]
[(116, 347), (629, 860)]
[(115, 348), (628, 861)]
[(115, 349), (628, 861)]
[(114, 349), (627, 862)]
[(113, 350), (626, 863)]
[(113, 351), (626, 863)]
[(112, 351), (625, 864)]
[(111, 352), (624, 865)]
[(111, 353), (624, 865)]
[(110, 353), (623, 866)]
[(109, 354), (622, 866)]
[(109, 355), (622, 867)]
[(108, 355), (621, 868)]
[(107, 356), (621, 868)]
[(107, 357), (620, 869)]
[(106, 357), (619, 870)]
[(105, 358), (619, 870)]
[(105, 358), (618, 871)]
[(104, 359), (617, 872)]
[(104, 360), (617, 872)]
[(103, 361), (616, 873)]
[(102, 361), (615, 874)]
[(102, 362), (615, 874)]
[(101, 362), (614, 875)]
[(100, 363), (614, 876)]
[(100, 364), (613, 877)]
[(99, 364), (612, 877)]
[(98, 365), (611, 878)]
[(98, 366), (611, 878)]
[(97, 366), (610, 879)]
[(96, 367), (609, 880)]
[(96, 367), (609, 880)]
[(95, 368), (608, 881)]
[(94, 369), (607, 882)]
[(94, 369), (607, 882)]
[(93, 370), (606, 883)]
[(92, 371), (605, 884)]
[(92, 371), (605, 884)]
[(91, 372), (604, 885)]
[(91, 373), (604, 886)]
[(90, 373), (603, 886)]
[(89, 374), (602, 887)]
[(88, 375), (602, 887)]
[(88, 375), (601, 888)]
[(87, 376), (600, 889)]
[(87, 377), (600, 889)]
[(86, 377), (599, 890)]
[(85, 378), (598, 891)]
[(85, 379), (598, 891)]
[(84, 379), (597, 892)]
[(83, 380), (596, 893)]
[(83, 380), (596, 893)]
[(82, 381), (595, 894)]
[(82, 382), (594, 895)]
[(81, 383), (594, 896)]
[(80, 383), (593, 896)]
[(79, 384), (592, 897)]
[(79, 384), (592, 897)]
[(78, 385), (591, 898)]
[(78, 386), (591, 899)]
[(77, 386), (590, 899)]
[(76, 387), (589, 900)]
[(76, 388), (589, 901)]
[(75, 388), (588, 901)]
[(74, 389), (587, 902)]
[(74, 390), (587, 903)]
[(73, 390), (586, 903)]
[(72, 391), (585, 904)]
[(72, 392), (585, 905)]
[(71, 392), (584, 905)]
[(70, 393), (583, 906)]
[(70, 394), (583, 907)]
[(69, 394), (582, 907)]
[(68, 395), (581, 908)]
[(68, 396), (581, 909)]
[(67, 396), (580, 909)]
[(67, 397), (580, 910)]
[(66, 397), (579, 910)]
[(65, 398), (578, 911)]
[(65, 399), (578, 912)]
[(64, 399), (577, 912)]
[(66, 67), (903, 904)]
[]
[]
[(0, 61), (402, 574), (915, 1024)]
[(0, 62), (402, 575), (915, 1024)]
[(0, 62), (401, 575), (914, 1024)]
[(0, 63), (400, 576), (913, 1024)]
[(0, 64), (400, 577), (913, 1024)]
[(0, 64), (399, 577), (912, 1024)]
[(0, 65), (398, 578), (911, 1024)]
[(0, 66), (398, 579), (911, 1024)]
[(0, 66), (397, 579), (910, 1024)]
[(0, 67), (396, 580), (909, 1024)]
[(0, 67), (396, 580), (909, 1024)]
[(0, 68), (395, 581), (908, 1024)]
[(0, 69), (394, 582), (907, 1024)]
[(0, 69), (394, 582), (907, 1024)]
[(0, 70), (393, 583), (906, 1024)]
[(0, 71), (393, 584), (905, 1024)]
[(0, 71), (392, 584), (905, 1024)]
[(0, 72), (391, 585), (904, 1024)]
[(0, 73), (391, 586), (904, 1024)]
[(0, 73), (390, 586), (903, 1024)]
[(0, 74), (389, 587), (902, 1024)]
[(0, 75), (389, 588), (901, 1024)]
[(0, 75), (388, 588), (901, 1024)]
[(0, 76), (387, 589), (900, 1024)]
[(0, 77), (387, 590), (899, 1024)]
[(0, 77), (386, 590), (899, 1024)]
[(0, 78), (385, 591), (898, 1024)]
[(0, 78), (385, 591), (897, 1024)]
[(0, 79), (384, 592), (897, 1024)]
[(0, 80), (383, 593), (896, 1024)]
[(0, 80), (382, 593), (895, 1024)]
[(0, 81), (382, 594), (895, 1024)]
[(0, 82), (381, 595), (894, 1024)]
[(0, 82), (380, 595), (893, 1024)]
[(0, 83), (380, 596), (893, 1024)]
[(0, 84), (379, 597), (892, 1024)]
[(0, 84), (378, 597), (891, 1024)]
[(0, 85), (378, 598), (891, 1024)]
[(0, 86), (377, 599), (890, 1024)]
[(0, 86), (377, 599), (890, 1024)]
[(0, 87), (376, 600), (889, 1024)]
[(0, 88), (375, 601), (888, 1024)]
[(0, 88), (375, 602), (888, 1024)]
[(0, 89), (374, 602), (887, 1024)]
[(0, 90), (373, 603), (886, 1024)]
[(0, 90), (373, 603), (886, 1024)]
[(0, 91), (372, 604), (885, 1024)]
[(0, 92), (371, 605), (884, 1024)]
[(0, 92), (371, 605), (884, 1024)]
[(0, 93), (370, 606), (883, 1024)]
[(0, 94), (370, 607), (882, 1024)]
[(0, 94), (369, 607), (882, 1024)]
[(0, 95), (368, 608), (881, 1024)]
[(0, 96), (368, 609), (881, 1024)]
[(0, 96), (367, 609), (880, 1024)]
[(0, 97), (366, 610), (879, 1024)]
[(0, 98), (366, 611), (879, 1024)]
[(0, 98), (365, 611), (878, 1024)]
[(0, 99), (364, 612), (877, 1024)]
[(0, 100), (364, 613), (877, 1024)]
[(0, 100), (363, 613), (876, 1024)]
[(0, 101), (362, 614), (875, 1024)]
[(0, 102), (362, 615), (875, 1024)]
[(0, 102), (361, 615), (874, 1024)]
[(0, 103), (361, 616), (873, 1024)]
[(0, 104), (360, 617), (873, 1024)]
[(0, 104), (359, 617), (872, 1024)]
[(0, 105), (359, 618), (872, 1024)]
[(0, 105), (358, 618), (871, 1024)]
[(0, 106), (357, 619), (870, 1024)]
[(0, 107), (357, 620), (870, 1024)]
[(0, 107), (356, 620), (869, 1024)]
[(0, 108), (355, 621), (868, 1024)]
[(0, 109), (355, 622), (868, 1024)]
[(0, 109), (354, 622), (867, 1024)]
[(0, 110), (353, 623), (866, 1024)]
[(0, 111), (353, 624), (866, 1024)]
[(0, 111), (352, 624), (865, 1024)]
[(0, 112), (351, 625), (864, 1024)]
[(0, 113), (351, 626), (864, 1024)]
[(0, 113), (350, 626), (863, 1024)]
[(0, 114), (349, 627), (862, 1024)]
[(0, 115), (349, 628), (862, 1024)]
[(0, 115), (348, 628), (861, 1024)]
[(0, 116), (347, 629), (860, 1024)]
[(0, 116), (347, 629), (860, 1024)]
[(0, 117), (346, 630), (859, 1024)]
[(0, 118), (345, 631), (858, 1024)]
[(0, 118), (345, 631), (858, 1024)]
[(0, 119), (344, 632), (857, 1024)]
[(0, 120), (343, 633), (856, 1024)]
[(0, 120), (343, 633), (856, 1024)]
[(0, 121), (342, 634), (855, 1024)]
[(0, 122), (341, 635), (854, 1024)]
[(0, 123), (341, 635), (854, 1024)]
[(0, 123), (340, 636), (853, 1024)]
[(0, 124), (339, 637), (852, 1024)]
[(0, 124), (339, 637), (852, 1024)]
[(0, 125), (338, 638), (851, 1024)]
[(0, 126), (337, 639), (850, 1024)]
[(0, 126), (337, 639), (850, 1024)]
[(0, 127), (336, 640), (849, 1024)]
[(0, 128), (335, 640), (848, 1024)]
[(0, 128), (335, 641), (848, 1024)]
[(0, 129), (334, 642), (847, 1024)]
[(0, 130), (334, 643), (846, 1024)]
[(0, 130), (333, 643), (846, 1024)]
[(0, 131), (332, 644), (845, 1024)]
[(0, 132), (332, 645), (845, 1024)]
[(0, 132), (331, 645), (844, 1024)]
[(0, 133), (330, 646), (843, 1024)]
[(0, 133), (330, 646), (843, 1024)]
[(0, 134), (329, 647), (842, 1024)]
[(0, 135), (328, 648), (841, 1024)]
[(0, 136), (328, 648), (841, 1024)]
[(0, 136), (327, 649), (840, 1024)]
[(0, 137), (326, 650), (839, 1024)]
[(0, 137), (326, 650), (839, 1024)]
[(0, 138), (325, 651), (838, 1024)]
[(0, 139), (325, 652), (837, 1024)]
[(0, 139), (324, 652), (837, 1024)]
[(0, 140), (323, 653), (836, 1024)]
[(0, 141), (323, 654), (836, 1024)]
[(0, 141), (322, 654), (835, 1024)]
[(0, 142), (321, 655), (834, 1024)]
[(0, 143), (321, 655), (834, 1024)]
[(0, 143), (320, 655), (834, 1024)]
[]
[]
[(147, 148), (170, 202), (261, 274), (291, 297), (301, 302), (314, 317), (663, 664), (686, 716), (774, 788), (799, 812), (827, 829)]
[(145, 318), (658, 831)]
[(145, 318), (658, 831)]
[(144, 319), (657, 832)]
[(143, 320), (656, 833)]
[(143, 320), (656, 833)]
[(142, 321), (655, 834)]
[(142, 322), (654, 835)]
[(141, 323), (654, 836)]
[(140, 323), (653, 836)]
[(140, 324), (652, 837)]
[(139, 324), (652, 837)]
[(138, 325), (651, 838)]
[(138, 326), (650, 839)]
[(137, 326), (650, 839)]
[(136, 327), (649, 840)]
[(136, 328), (649, 841)]
[(135, 328), (648, 841)]
[(134, 329), (647, 842)]
[(134, 329), (647, 843)]
[(133, 330), (646, 843)]
[(132, 331), (645, 844)]
[(132, 332), (645, 845)]
[(131, 332), (644, 845)]
[(131, 333), (644, 846)]
[(130, 333), (643, 846)]
[(129, 334), (642, 847)]
[(129, 335), (641, 848)]
[(128, 335), (641, 848)]
[(127, 336), (640, 849)]
[(127, 337), (639, 850)]
[(126, 338), (639, 850)]
[(125, 338), (638, 851)]
[(125, 339), (637, 852)]
[(124, 339), (637, 852)]
[(123, 340), (636, 853)]
[(123, 341), (635, 854)]
[(122, 341), (635, 854)]
[(121, 342), (634, 855)]
[(121, 343), (633, 856)]
[(120, 343), (633, 856)]
[(119, 344), (632, 857)]
[(119, 344), (631, 858)]
[(118, 345), (631, 858)]
[(117, 346), (630, 859)]
[(117, 346), (630, 859)]
[(116, 347), (629, 860)]
[(115, 348), (628, 861)]
[(115, 348), (628, 861)]
[(114, 349), (627, 862)]
[(113, 350), (626, 863)]
[(113, 350), (626, 863)]
[(112, 351), (625, 864)]
[(111, 352), (624, 865)]
[(111, 352), (624, 865)]
[(110, 353), (623, 866)]
[(110, 354), (622, 867)]
[(109, 354), (622, 867)]
[(108, 355), (621, 868)]
[(108, 356), (620, 869)]
[(107, 356), (620, 869)]
[(106, 357), (619, 870)]
[(106, 358), (619, 870)]
[(105, 358), (618, 871)]
[(104, 359), (617, 872)]
[(104, 360), (617, 872)]
[(103, 360), (616, 873)]
[(102, 361), (615, 874)]
[(102, 361), (615, 874)]
[(101, 362), (614, 875)]
[(100, 363), (614, 876)]
[(100, 363), (613, 876)]
[(99, 364), (612, 877)]
[(98, 365), (612, 878)]
[(98, 365), (611, 878)]
[(97, 366), (610, 879)]
[(96, 367), (610, 880)]
[(96, 368), (609, 880)]
[(95, 368), (608, 881)]
[(95, 369), (607, 882)]
[(94, 370), (607, 882)]
[(93, 370), (606, 883)]
[(92, 371), (605, 883)]
[(92, 372), (605, 884)]
[(91, 372), (604, 885)]
[(91, 373), (604, 886)]
[(90, 373), (603, 886)]
[(89, 374), (602, 887)]
[(89, 375), (601, 888)]
[(88, 375), (601, 888)]
[(87, 376), (600, 889)]
[(87, 377), (599, 890)]
[(86, 377), (599, 890)]
[(85, 378), (598, 891)]
[(85, 378), (598, 892)]
[(84, 379), (597, 892)]
[(83, 380), (596, 893)]
[(83, 380), (596, 894)]
[(82, 381), (595, 894)]
[(82, 382), (594, 895)]
[(81, 382), (594, 896)]
[(80, 383), (593, 896)]
[(79, 384), (593, 897)]
[(79, 384), (592, 897)]
[(78, 385), (591, 898)]
[(77, 386), (591, 899)]
[(77, 386), (590, 899)]
[(76, 387), (589, 900)]
[(76, 388), (589, 901)]
[(75, 388), (588, 901)]
[(74, 389), (587, 902)]
[(74, 390), (586, 903)]
[(73, 390), (586, 903)]
[(72, 391), (585, 904)]
[(72, 392), (584, 905)]
[(71, 392), (584, 905)]
[(70, 393), (583, 906)]
[(70, 394), (582, 907)]
[(69, 394), (582, 907)]
[(68, 395), (581, 908)]
[(68, 396), (581, 908)]
[(67, 396), (580, 909)]
[(66, 397), (579, 910)]
[(66, 397), (579, 910)]
[(65, 398), (578, 911)]
[(64, 399), (577, 912)]
[(64, 399), (577, 912)]
[(65, 72), (76, 91), (119, 146), (153, 160), (174, 176), (182, 184), (187, 222), (227, 243), (256, 270), (273, 297), (298, 307), (310, 325), (332, 399), (578, 591), (592, 610), (614, 651), (655, 669), (672, 686), (689, 715), (737, 763), (770, 781), (786, 799), (815, 844), (863, 878), (887, 896), (908, 911)]
[]
[(5, 7), (43, 45), (58, 59), (429, 432), (438, 451), (452, 457), (489, 496), (548, 557), (932, 937), (955, 960), (970, 977), (1003, 1008)]
[(0, 61), (402, 574), (915, 1024)]
[(0, 62), (402, 575), (915, 1024)]
[(0, 62), (401, 575), (914, 1024)]
[(0, 63), (400, 576), (913, 1024)]
[(0, 64), (400, 577), (913, 1024)]
[(0, 64), (399, 577), (912, 1024)]
[(0, 65), (398, 578), (911, 1024)]
[(0, 65), (398, 579), (911, 1024)]
[(0, 66), (397, 579), (910, 1024)]
[(0, 67), (396, 580), (909, 1024)]
[(0, 68), (396, 581), (909, 1024)]
[(0, 68), (395, 581), (908, 1024)]
[(0, 69), (394, 582), (907, 1024)]
[(0, 69), (394, 582), (907, 1024)]
[(0, 70), (393, 583), (906, 1024)]
[(0, 71), (392, 584), (905, 1024)]
[(0, 72), (392, 585), (905, 1024)]
[(0, 72), (391, 585), (904, 1024)]
[(0, 73), (390, 586), (903, 1024)]
[(0, 73), (390, 586), (903, 1024)]
[(0, 74), (389, 587), (902, 1024)]
[(0, 75), (389, 588), (901, 1024)]
[(0, 75), (388, 588), (901, 1024)]
[(0, 76), (387, 589), (900, 1024)]
[(0, 77), (387, 590), (900, 1024)]
[(0, 77), (386, 590), (899, 1024)]
[(0, 78), (385, 591), (898, 1024)]
[(0, 78), (385, 592), (897, 1024)]
[(0, 79), (384, 592), (897, 1024)]
[(0, 80), (384, 593), (896, 1024)]
[(0, 81), (383, 594), (895, 1024)]
[(0, 81), (382, 594), (895, 1024)]
[(0, 82), (382, 595), (894, 1024)]
[(0, 82), (381, 596), (893, 1024)]
[(0, 83), (380, 596), (893, 1024)]
[(0, 84), (380, 597), (892, 1024)]
[(0, 84), (379, 598), (892, 1024)]
[(0, 85), (378, 598), (891, 1024)]
[(0, 86), (378, 599), (890, 1024)]
[(0, 86), (377, 600), (890, 1024)]
[(0, 87), (376, 600), (889, 1024)]
[(0, 88), (376, 601), (888, 1024)]
[(0, 88), (375, 602), (888, 1024)]
[(0, 89), (374, 602), (887, 1024)]
[(0, 90), (374, 603), (886, 1024)]
[(0, 90), (373, 604), (886, 1024)]
[(0, 91), (372, 604), (885, 1024)]
[(0, 92), (372, 605), (884, 1024)]
[(0, 92), (371, 606), (884, 1024)]
[(0, 93), (370, 606), (883, 1024)]
[(0, 94), (370, 607), (883, 1024)]
[(0, 94), (369, 608), (882, 1024)]
[(0, 95), (368, 608), (881, 1024)]
[(0, 96), (368, 609), (881, 1024)]
[(0, 96), (367, 610), (880, 1024)]
[(0, 97), (366, 610), (879, 1024)]
[(0, 97), (366, 611), (879, 1024)]
[(0, 98), (365, 611), (878, 1024)]
[(0, 99), (364, 612), (878, 1024)]
[(0, 100), (364, 613), (877, 1024)]
[(0, 100), (363, 613), (876, 1024)]
[(0, 101), (362, 614), (875, 1024)]
[(0, 102), (362, 615), (875, 1024)]
[(0, 102), (361, 615), (874, 1024)]
[(0, 103), (360, 616), (873, 1024)]
[(0, 104), (360, 617), (873, 1024)]
[(0, 104), (359, 617), (872, 1024)]
[(0, 105), (358, 618), (871, 1024)]
[(0, 106), (358, 619), (871, 1024)]
[(0, 106), (357, 619), (870, 1024)]
[(0, 107), (356, 620), (869, 1024)]
[(0, 108), (356, 621), (869, 1024)]
[(0, 108), (355, 621), (868, 1024)]
[(0, 109), (354, 622), (867, 1024)]
[(0, 109), (354, 623), (867, 1024)]
[(0, 110), (353, 623), (866, 1024)]
[(0, 111), (353, 624), (865, 1024)]
[(0, 111), (352, 625), (865, 1024)]
[(0, 112), (351, 625), (864, 1024)]
[(0, 113), (351, 626), (863, 1024)]
[(0, 113), (350, 626), (863, 1024)]
[(0, 114), (349, 627), (862, 1024)]
[(0, 114), (348, 627), (862, 1024)]
[(0, 115), (348, 628), (861, 1024)]
[(0, 116), (347, 629), (860, 1024)]
[(0, 117), (347, 630), (860, 1024)]
[(0, 117), (346, 630), (859, 1024)]
[(0, 118), (345, 631), (858, 1024)]
[(0, 119), (344, 632), (858, 1024)]
[(0, 119), (344, 632), (857, 1024)]
[(0, 120), (343, 633), (856, 1024)]
[(0, 121), (343, 634), (856, 1024)]
[(0, 121), (342, 634), (855, 1024)]
[(0, 122), (341, 635), (854, 1024)]
[(0, 122), (341, 635), (854, 1024)]
[(0, 123), (340, 636), (853, 1024)]
[(0, 124), (339, 637), (853, 1024)]
[(0, 124), (339, 637), (852, 1024)]
[(0, 125), (338, 638), (851, 1024)]
[(0, 126), (337, 639), (851, 1024)]
[(0, 126), (337, 639), (850, 1024)]
[(0, 127), (336, 640), (850, 1024)]
[(0, 128), (335, 640), (849, 1024)]
[(0, 128), (335, 641), (848, 1024)]
[(0, 129), (334, 642), (847, 1024)]
[(0, 130), (334, 643), (847, 1024)]
[(0, 130), (333, 643), (846, 1024)]
[(0, 131), (332, 644), (845, 1024)]
[(0, 131), (332, 645), (845, 1024)]
[(0, 132), (331, 645), (844, 1024)]
[(0, 133), (330, 646), (843, 1024)]
[(0, 133), (330, 646), (843, 1024)]
[(0, 134), (329, 647), (842, 1024)]
[(0, 135), (329, 648), (841, 1024)]
[(0, 136), (328, 648), (841, 1024)]
[(0, 136), (327, 649), (840, 1024)]
[(0, 137), (327, 650), (839, 1024)]
[(0, 138), (326, 650), (839, 1024)]
[(0, 138), (325, 651), (838, 1024)]
[(0, 139), (325, 652), (837, 1024)]
[(0, 139), (324, 652), (837, 1024)]
[(0, 140), (323, 653), (836, 1024)]
[(0, 141), (323, 654), (835, 1024)]
[(0, 141), (322, 654), (835, 1024)]
[(0, 142), (321, 655), (834, 1024)]
[(0, 142), (321, 655), (834, 1024)]
[(0, 143), (320, 656), (833, 1024)]
[]
[]
[(146, 317), (659, 830)]
[(146, 318), (658, 831)]
[(145, 319), (658, 832)]
[(144, 319), (657, 832)]
[(143, 320), (656, 833)]
[(143, 320), (656, 833)]
[(142, 321), (655, 834)]
[(142, 322), (654, 835)]
[(141, 322), (654, 835)]
[(140, 323), (653, 836)]
[(140, 324), (653, 837)]
[(139, 324), (652, 837)]
[(138, 325), (651, 838)]
[(138, 326), (651, 838)]
[(137, 326), (650, 839)]
[(136, 327), (649, 840)]
[(136, 328), (649, 840)]
[(135, 328), (648, 841)]
[(135, 329), (647, 842)]
[(134, 329), (647, 842)]
[(133, 330), (646, 843)]
[(133, 331), (645, 844)]
[(132, 332), (645, 845)]
[(131, 332), (644, 845)]
[(131, 333), (643, 846)]
[(130, 334), (643, 846)]
[(129, 334), (642, 847)]
[(128, 335), (641, 848)]
[(128, 335), (641, 848)]
[(127, 336), (640, 849)]
[(127, 337), (639, 850)]
[(126, 337), (639, 850)]
[(125, 338), (638, 851)]
[(124, 339), (637, 852)]
[(124, 339), (637, 852)]
[(123, 340), (636, 853)]
[(123, 341), (635, 854)]
[(122, 341), (635, 854)]
[(121, 342), (634, 855)]
[(120, 343), (633, 856)]
[(120, 343), (633, 856)]
[(119, 344), (632, 857)]
[(119, 345), (631, 858)]
[(118, 345), (631, 858)]
[(117, 346), (630, 859)]
[(117, 347), (630, 860)]
[(116, 347), (629, 860)]
[(115, 348), (628, 861)]
[(114, 348), (627, 862)]
[(114, 349), (627, 862)]
[(113, 350), (626, 863)]
[(113, 350), (626, 864)]
[(112, 351), (625, 864)]
[(111, 352), (624, 865)]
[(111, 352), (624, 866)]
[(110, 353), (623, 866)]
[(110, 354), (622, 867)]
[(109, 354), (622, 868)]
[(108, 355), (621, 868)]
[(108, 356), (620, 869)]
[(107, 356), (620, 869)]
[(106, 357), (619, 870)]
[(106, 357), (618, 871)]
[(105, 358), (618, 871)]
[(104, 359), (617, 872)]
[(104, 359), (616, 873)]
[(103, 360), (616, 873)]
[(102, 361), (615, 874)]
[(102, 361), (614, 875)]
[(101, 362), (614, 875)]
[(101, 363), (613, 876)]
[(100, 364), (613, 877)]
[(99, 364), (612, 877)]
[(98, 365), (611, 878)]
[(98, 366), (611, 879)]
[(97, 366), (610, 879)]
[(96, 367), (609, 880)]
[(96, 368), (609, 881)]
[(95, 368), (608, 881)]
[(95, 369), (607, 882)]
[(94, 370), (607, 882)]
[(93, 370), (606, 883)]
[(92, 371), (605, 884)]
[(92, 371), (605, 884)]
[(91, 372), (604, 885)]
[(91, 373), (603, 886)]
[(90, 373), (603, 886)]
[(89, 374), (602, 887)]
[(89, 375), (601, 888)]
[(88, 375), (601, 888)]
[(87, 376), (600, 889)]
[(87, 376), (600, 890)]
[(86, 377), (599, 890)]
[(85, 378), (598, 891)]
[(85, 379), (598, 892)]
[(84, 379), (597, 892)]
[(83, 380), (596, 893)]
[(83, 381), (596, 894)]
[(82, 381), (595, 894)]
[(81, 382), (594, 895)]
[(81, 383), (594, 895)]
[(80, 383), (593, 896)]
[(79, 384), (593, 897)]
[(79, 384), (592, 897)]
[(78, 385), (591, 898)]
[(78, 386), (591, 899)]
[(77, 387), (590, 900)]
[(76, 387), (589, 900)]
[(76, 388), (589, 901)]
[(75, 388), (588, 901)]
[(74, 389), (587, 902)]
[(74, 390), (587, 903)]
[(73, 390), (586, 903)]
[(72, 391), (585, 904)]
[(72, 392), (585, 905)]
[(71, 392), (584, 905)]
[(70, 393), (583, 906)]
[(70, 394), (583, 907)]
[(69, 394), (582, 907)]
[(68, 395), (581, 908)]
[(68, 396), (581, 909)]
[(67, 396), (580, 909)]
[(67, 397), (579, 910)]
[(66, 398), (579, 910)]
[(65, 398), (578, 911)]
[(65, 399), (577, 912)]
[(64, 399), (577, 912)]
[(64, 399), (577, 912)]
