(256, 256)
[]
[]
[]
[]
[]
[]
[]
[]
[]
[]
[]
[]
[]
[]
[]
[]
[]
[]
[]
[]
[]
[]
[]
[]
[]
[]
[]
[]
[]
[]
[]
[]
[]
[]
[]
[]
[]
[]
[]
[]
[]
[]
[]
[]
[]
[]
[]
[]
[]
[]
[]
[]
[]
[]
[]
[]
[]
[]
[]
[]
[]
[]
[]
[]
[]
[]
[]
[]
[]
[]
[]
[]
[]
[]
[]
[]
[]
[]
[]
[]
[]
[]
[]
[]
[]
[]
[]
[]
[]
[]
[]
[]
[]
[]
[]
[]
[]
[]
[]
[]
[]
[]
[]
[]
[]
[]
[]
[]
[]
[]
[]
[]
[]
[]
[]
[]
[]
[]
[]
[]
[]
[]
[]
[]
[]
[]
[(54, 64)]
[(47, 70)]
[(43, 74)]
[(41, 77)]
[(39, 79)]
[(36, 82)]
[(35, 83)]
[(33, 85)]
[(32, 86)]
[(30, 87)]
[(29, 89)]
[(28, 90)]
[(27, 90)]
[(26, 92)]
[(25, 92)]
[(25, 93)]
[(24, 94)]
[(23, 94)]
[(23, 95)]
[(22, 96)]
[(22, 96)]
[(21, 97)]
[(21, 97)]
[(21, 97)]
[(20, 98)]
[(20, 98)]
[(20, 98)]
[(19, 98)]
[(19, 98)]
[(19, 98)]
[(19, 98)]
[(19, 98)]
[(19, 98), (136, 155)]
[(19, 98), (128, 130), (131, 160)]
[(19, 98), (125, 166)]
[(20, 98), (120, 171)]
[(20, 98), (116, 175)]
[(21, 98), (113, 178)]
[(21, 97), (110, 181)]
[(21, 97), (108, 183)]
[(21, 96), (105, 186)]
[(22, 96), (103, 188)]
[(22, 95), (100, 190)]
[(23, 95), (98, 192)]
[(24, 94), (97, 194)]
[(24, 94), (95, 195)]
[(25, 93), (94, 197)]
[(26, 199)]
[(27, 200)]
[(28, 201)]
[(29, 203)]
[(30, 205)]
[(31, 206)]
[(32, 206)]
[(34, 208)]
[(36, 209)]
[(38, 210)]
[(39, 78), (80, 211)]
[(42, 76), (79, 212)]
[(45, 72), (78, 213)]
[(50, 68), (77, 214)]
[(76, 215)]
[(75, 216)]
[(74, 217)]
[(74, 217)]
[(73, 218)]
[(72, 219)]
[(71, 219)]
[(71, 220)]
[(70, 221)]
[(69, 221)]
[(69, 222)]
[(68, 223)]
[(67, 223)]
[(67, 223)]
[(67, 224)]
[(66, 225)]
[(66, 225)]
[(65, 225)]
[(65, 226)]
[(65, 226)]
[(64, 227)]
[(64, 227)]
[(63, 227)]
[(63, 227)]
[(63, 228)]
[(63, 228)]
[(63, 228)]
[(62, 229)]
[(62, 229)]
[(62, 229)]
[(62, 229)]
[(61, 229)]
[(61, 229)]
[(61, 229)]
[(61, 229)]
[(61, 229)]
[(61, 229)]
[(61, 229)]
[(61, 229)]
[(61, 229)]
[(61, 229)]
[(61, 229)]
[(61, 229)]
[(61, 229)]
[(61, 229)]
[(61, 229)]
[(61, 229)]
[(62, 229)]
[(62, 229)]
[(62, 229)]
[(63, 228)]
[(63, 228)]
[(63, 228)]
[(63, 228)]
[(63, 227)]
[(64, 227)]
[(64, 227)]
[(64, 227)]
[(65, 226)]
[(65, 225)]
[(65, 225)]
[(66, 225)]
[(67, 224)]
[(67, 224)]
[(67, 223)]
[(68, 223)]
[(68, 223)]
[(69, 222)]
[(69, 221)]
