(256, 256)
[]
[]
[]
[]
[]
[]
[]
[]
[]
[]
[]
[]
[]
[]
[]
[]
[]
[]
[]
[]
[]
[]
[]
[]
[]
[]
[(154, 164)]
[(147, 170)]
[(143, 174)]
[(141, 177)]
[(139, 179)]
[(136, 182)]
[(135, 183)]
[(133, 185)]
[(132, 186)]
[(130, 187)]
[(129, 189)]
[(128, 190)]
[(127, 190)]
[(126, 192)]
[(125, 192)]
[(125, 193)]
[(124, 194)]
[(123, 194)]
[(123, 195)]
[(122, 196)]
[(122, 196)]
[(121, 197)]
[(121, 197)]
[(121, 197)]
[(120, 198)]
[(120, 198)]
[(120, 198)]
[(119, 198)]
[(119, 198)]
[(119, 198)]
[(119, 198)]
[(119, 198)]
[(119, 198), (236, 255)]
[(119, 198), (228, 230), (231, 256)]
[(119, 198), (225, 256)]
[(120, 198), (220, 256)]
[(120, 198), (216, 256)]
[(121, 198), (213, 256)]
[(121, 197), (210, 256)]
[(121, 197), (208, 256)]
[(121, 196), (205, 256)]
[(122, 196), (203, 256)]
[(122, 195), (200, 256)]
[(123, 195), (198, 256)]
[(124, 194), (197, 256)]
[(124, 194), (195, 256)]
[(125, 193), (194, 256)]
[(126, 256)]
[(127, 256)]
[(128, 256)]
[(129, 256)]
[(130, 256)]
[(131, 256)]
[(132, 256)]
[(134, 256)]
[(136, 256)]
[(138, 256)]
[(139, 178), (180, 256)]
[(142, 176), (179, 256)]
[(145, 172), (178, 256)]
[(150, 168), (177, 256)]
[(176, 256)]
[(175, 256)]
[(174, 256)]
[(174, 256)]
[(173, 256)]
[(172, 256)]
[(171, 256)]
[(171, 256)]
[(170, 256)]
[(169, 256)]
[(169, 256)]
[(168, 256)]
[(167, 256)]
[(167, 256)]
[(167, 256)]
[(166, 256)]
[(166, 256)]
[(165, 256)]
[(165, 256)]
[(165, 256)]
[(164, 256)]
[(164, 256)]
[(163, 256)]
[(163, 256)]
[(163, 256)]
[(163, 256)]
[(163, 256)]
[(162, 256)]
[(162, 256)]
[(162, 256)]
[(162, 256)]
[(161, 256)]
[(161, 256)]
[(161, 256)]
[(161, 256)]
[(161, 256)]
[(161, 256)]
[(161, 256)]
[(161, 256)]
[(161, 256)]
[(161, 256)]
[(161, 256)]
[(161, 256)]
[(161, 256)]
[(161, 256)]
[(161, 256)]
[(161, 256)]
[(162, 256)]
[(162, 256)]
[(162, 256)]
[(163, 256)]
[(163, 256)]
[(163, 256)]
[(163, 256)]
[(163, 256)]
[(164, 256)]
[(164, 256)]
[(164, 256)]
[(165, 256)]
[(165, 256)]
[(165, 256)]
[(166, 256)]
[(167, 256)]
[(167, 256)]
[(167, 256)]
[(168, 256)]
[(168, 256)]
[(169, 256)]
[(169, 256)]
[(170, 256)]
[(171, 256)]
[(171, 256)]
[(172, 256)]
[(173, 256)]
[(174, 256)]
[(174, 256)]
[(175, 256)]
[(176, 256)]
[(150, 168), (177, 256)]
[(145, 172), (178, 256)]
[(142, 176), (179, 256)]
[(139, 178), (180, 256)]
[(137, 180), (181, 256)]
[(135, 256)]
[(133, 256)]
[(132, 256)]
[(131, 256)]
[(130, 256)]
[(128, 256)]
[(128, 256)]
[(127, 256)]
[(126, 256)]
[(125, 193), (194, 256)]
[(124, 194), (196, 256)]
[(123, 194), (197, 256)]
[(123, 195), (199, 256)]
[(122, 196), (201, 256)]
[(122, 196), (203, 256)]
[(121, 196), (205, 256)]
[(121, 197), (208, 256)]
[(121, 197), (210, 256)]
[(120, 198), (213, 256)]
[(120, 198), (216, 256)]
[(120, 198), (220, 256)]
[(119, 198), (225, 256)]
[(119, 198), (231, 256)]
[(119, 198)]
[(119, 198)]
[(119, 198)]
[(119, 198)]
[(119, 198)]
[(119, 198)]
[(120, 198)]
[(120, 198)]
[(120, 198)]
[(121, 197)]
[(121, 197)]
[(121, 196)]
[(122, 196)]
[(122, 196)]
[(123, 195)]
[(123, 194)]
[(124, 194)]
[(125, 193)]
[(125, 192)]
[(126, 192)]
[(127, 190)]
[(128, 190)]
[(129, 188)]
[(131, 187)]
[(132, 186)]
[(133, 184)]
[(135, 183)]
[(136, 181)]
[(139, 179)]
[(141, 177)]
[(143, 174)]
[(147, 170)]
[(154, 164)]
[]
[]
[]
[]
[]
[]
[]
[]
[]
[]
[]
[]
[]
[]
[]
[]
[]
[]
[]
[]
[]
[]
[]
[]
[]
[]
[]
[]
[]
[]
