(256, 256)
[]
[]
[]
[]
[]
[]
[]
[]
[]
[]
[]
[]
[]
[]
[]
[]
[]
[]
[]
[]
[]
[]
[(203, 208)]
[(200, 208)]
[(196, 210)]
[(192, 210)]
[(189, 210)]
[(186, 212)]
[(183, 213)]
[(181, 213)]
[(176, 214)]
[(174, 215), (250, 255)]
[(171, 211), (250, 256)]
[(169, 209), (248, 256)]
[(169, 208), (247, 256)]
[(170, 208), (246, 256)]
[(171, 210), (245, 256)]
[(172, 210), (245, 256)]
[(148, 153), (172, 212), (243, 256)]
[(147, 156), (173, 212), (242, 256)]
[(146, 159), (174, 213), (240, 256)]
[(145, 162), (175, 214), (240, 256)]
[(144, 166), (176, 183), (185, 215), (238, 256)]
[(144, 169), (177, 179), (187, 216), (238, 256)]
[(142, 170), (187, 217), (241, 256)]
[(142, 174), (189, 218), (244, 256)]
[(141, 176), (189, 217), (246, 256)]
[(140, 180), (189, 219), (248, 256)]
[(139, 182), (191, 219), (250, 256)]
[(138, 185), (192, 221), (253, 256)]
[(137, 187), (193, 221)]
[(139, 186), (187, 188), (194, 221)]
[(141, 186), (194, 223)]
[(144, 184), (195, 224)]
[(144, 184), (196, 225)]
[(142, 183), (197, 225)]
[(141, 182), (198, 226)]
[(140, 181), (198, 227)]
[(140, 180), (200, 229)]
[(139, 178), (200, 226)]
[(138, 178), (200, 223), (248, 254)]
[(137, 176), (202, 220), (246, 256)]
[(136, 166), (169, 176), (202, 218), (244, 256)]
[(135, 165), (204, 214), (242, 256)]
[(134, 164), (205, 212), (241, 256)]
[(133, 163), (206, 209), (240, 256)]
[(132, 162), (238, 256)]
[(131, 160), (237, 256)]
[(130, 160), (235, 256)]
[(129, 160), (234, 256)]
[(129, 158), (235, 256)]
[(127, 157), (235, 256)]
[(127, 156), (234, 256)]
[(125, 156), (235, 256)]
[(124, 154), (235, 256)]
[(124, 154), (234, 256)]
[(123, 153), (235, 256)]
[(122, 151), (234, 256)]
[(121, 151), (234, 256)]
[(120, 149), (235, 256)]
[(120, 149), (236, 256)]
[(118, 147), (238, 256)]
[(117, 147), (238, 256)]
[(116, 146), (240, 256)]
[(115, 145), (242, 256)]
[(114, 144), (244, 256)]
[(116, 144), (165, 172), (245, 256)]
[(119, 143), (157, 158), (159, 175), (249, 254)]
[(122, 141), (142, 143), (153, 177)]
[(123, 140), (152, 181)]
[(126, 140), (151, 183)]
[(129, 139), (150, 185)]
[(131, 139), (149, 186)]
[(148, 187)]
[(147, 188)]
[(147, 188), (220, 225)]
[(146, 188), (218, 230)]
[(144, 189), (216, 234)]
[(144, 188), (213, 234)]
[(144, 189), (212, 236)]
[(144, 189), (211, 236)]
[(145, 189), (211, 238)]
[(145, 190), (211, 238)]
[(145, 189), (210, 238)]
[(146, 189), (210, 238)]
[(147, 188), (209, 238)]
[(147, 187), (209, 238)]
[(147, 186), (208, 238)]
[(148, 185), (208, 236)]
[(150, 184), (209, 236)]
[(152, 183), (209, 236)]
[(153, 182), (210, 236)]
[(157, 180), (211, 235)]
[(159, 174), (213, 234)]
[(162, 168), (213, 233)]
[(216, 229)]
[(221, 227)]
[]
[]
[(176, 177)]
[(174, 181)]
[(174, 182)]
[(172, 185)]
[(172, 189)]
[(170, 191)]
[(170, 194)]
[(168, 197)]
[(168, 200)]
[(167, 202)]
[(166, 205)]
[(167, 208)]
[(168, 210), (250, 256)]
[(172, 212), (246, 256)]
[(174, 212), (243, 256)]
[(172, 212), (239, 256)]
[(171, 210), (236, 256)]
[(170, 210), (234, 256)]
[(169, 208), (233, 256)]
[(168, 208), (233, 256)]
[(168, 207), (231, 256)]
[(166, 206), (231, 256)]
[(165, 195), (197, 205), (231, 256)]
[(164, 194), (199, 204), (231, 256)]
[(163, 193), (230, 256)]
[(162, 193), (229, 256)]
[(161, 191), (229, 256)]
[(161, 190), (228, 256)]
[(159, 189), (227, 256)]
[(159, 188), (226, 256)]
[(158, 188), (228, 256)]
[(157, 187), (225, 256)]
[(155, 156), (157, 186), (225, 256)]
[(155, 185), (225, 256)]
[(154, 184), (225, 256)]
[(153, 183), (225, 256)]
[(152, 181), (227, 256)]
[(152, 182), (226, 256)]
[(151, 180), (228, 256)]
[(149, 179), (228, 256)]
[(149, 178), (229, 256)]
[(151, 178), (230, 256)]
[(154, 176), (231, 256)]
[(157, 176), (231, 256)]
[(160, 175), (231, 256)]
[(162, 174), (232, 256)]
[(165, 172), (233, 256)]
[(168, 172), (238, 256)]
[(243, 256)]
[(250, 256)]
[(251, 256)]
[]
[(161, 163), (216, 217)]
[(156, 167), (214, 220)]
[(151, 171), (213, 221)]
[(147, 175), (211, 223)]
[(144, 178), (209, 225)]
[(144, 179), (208, 227)]
[(144, 180), (207, 228)]
[(143, 181), (205, 230)]
[(142, 182), (203, 232)]
[(142, 181), (202, 234)]
[(140, 183), (200, 236)]
[(140, 184), (199, 238)]
[(140, 184), (197, 238)]
[(139, 185), (195, 236)]
[(139, 186), (194, 235)]
[(139, 185), (193, 233)]
[(139, 184), (191, 233)]
[(140, 184), (190, 234)]
[(140, 183), (188, 236)]
[(140, 182), (188, 238)]
[(142, 182), (189, 240)]
[(142, 181), (191, 242)]
[(144, 180), (193, 242)]
[(144, 180), (194, 245)]
[(144, 179), (197, 246)]
[(148, 175), (198, 248)]
[(150, 173), (200, 250)]
[(154, 168), (201, 250)]
[(160, 164), (203, 214), (216, 254)]
[(205, 212), (218, 255)]
[(207, 210), (220, 256)]
[(222, 256)]
[(222, 256)]
[(225, 256)]
[(226, 256)]
[(228, 256)]
[(230, 256)]
[(231, 256)]
[(233, 256)]
[(234, 256)]
[(237, 256)]
[(239, 256)]
[(240, 256)]
[(242, 256)]
[(244, 256)]
[(245, 256)]
[(247, 256)]
[(248, 256)]
[(251, 256)]
[(252, 256)]
[(254, 256)]
[(255, 256)]
[]
[]
[]
[]
[]
[]
[]
[]
[]
[]
[]
[]
[]
[]
[]
[]
[]
[]
[]
[]
[]
[]
[]
[]
[]
[]
[]
[]
[]
[]
[]
[]
[]
