(256, 256)
[]
[]
[]
[]
[]
[]
[]
[]
[]
[]
[]
[]
[]
[]
[]
[]
[]
[]
[]
[]
[]
[]
[]
[]
[]
[]
[]
[]
[]
[]
[]
[]
[]
[]
[]
[]
[]
[]
[]
[]
[]
[]
[]
[]
[]
[]
[]
[]
[]
[]
[]
[]
[]
[]
[]
[]
[]
[]
[]
[]
[]
[]
[]
[]
[]
[]
[]
[]
[]
[]
[]
[]
[]
[]
[]
[]
[]
[]
[]
[]
[]
[]
[]
[]
[]
[]
[]
[]
[]
[]
[]
[]
[]
[]
[]
[]
[]
[]
[]
[]
[]
[]
[]
[]
[]
[]
[]
[]
[]
[]
[]
[]
[]
[]
[]
[]
[]
[]
[]
[]
[]
[]
[(103, 108)]
[(100, 108)]
[(96, 110)]
[(92, 110)]
[(89, 110)]
[(86, 112)]
[(83, 113)]
[(81, 113)]
[(76, 114)]
[(74, 115), (150, 155)]
[(71, 111), (150, 158)]
[(69, 109), (148, 160)]
[(69, 108), (147, 162)]
[(70, 108), (146, 165)]
[(71, 110), (145, 168)]
[(72, 110), (145, 170)]
[(48, 53), (72, 112), (143, 172)]
[(47, 56), (73, 112), (142, 174)]
[(46, 59), (74, 113), (140, 178)]
[(45, 62), (75, 114), (140, 180)]
[(44, 66), (76, 83), (85, 115), (138, 183)]
[(44, 69), (77, 79), (87, 116), (138, 184)]
[(42, 70), (87, 117), (141, 186)]
[(42, 74), (89, 118), (144, 189)]
[(41, 76), (89, 117), (146, 192)]
[(40, 80), (89, 119), (148, 193)]
[(39, 82), (91, 119), (150, 196)]
[(38, 85), (92, 121), (153, 199)]
[(37, 87), (93, 121), (156, 201), (212, 216)]
[(39, 86), (87, 88), (94, 121), (158, 203), (211, 220)]
[(41, 86), (94, 123), (161, 206), (210, 223)]
[(44, 84), (95, 124), (163, 225)]
[(44, 84), (96, 125), (165, 227)]
[(42, 83), (97, 125), (167, 229)]
[(41, 82), (98, 126), (170, 232)]
[(40, 81), (98, 127), (172, 234)]
[(40, 80), (100, 129), (175, 236)]
[(39, 78), (100, 126), (177, 236)]
[(38, 78), (100, 123), (148, 154), (179, 180), (181, 235)]
[(37, 76), (102, 120), (146, 168), (183, 234)]
[(36, 66), (69, 76), (102, 118), (144, 169), (184, 233)]
[(35, 65), (104, 114), (142, 170), (187, 232)]
[(34, 64), (105, 112), (141, 172), (189, 231)]
[(33, 63), (106, 109), (140, 173), (193, 229)]
[(32, 62), (138, 175), (195, 228)]
[(31, 60), (137, 176), (194, 225), (226, 227)]
[(30, 60), (135, 178), (193, 226)]
[(29, 60), (134, 177), (192, 225)]
[(29, 58), (135, 178), (191, 225)]
[(27, 57), (135, 178), (191, 224)]
[(27, 56), (134, 178), (191, 222)]
[(25, 56), (135, 178), (195, 221)]
[(24, 54), (135, 178), (197, 220)]
[(24, 54), (134, 178), (200, 219)]
[(23, 53), (135, 178), (202, 218)]
[(22, 51), (134, 178), (204, 217)]
[(21, 51), (134, 178), (206, 216)]
[(20, 49), (135, 178), (209, 215)]
[(20, 49), (136, 178), (211, 214)]
[(18, 47), (138, 175)]
[(17, 47), (138, 174)]
[(16, 46), (140, 173)]
[(15, 45), (142, 170)]
[(14, 44), (144, 169)]
[(16, 44), (65, 72), (145, 167)]
[(19, 43), (57, 58), (59, 75), (149, 154), (156, 160), (162, 164)]
[(22, 41), (42, 43), (53, 77)]
[(23, 40), (52, 81)]
[(26, 40), (51, 83)]
[(29, 39), (50, 85)]
[(31, 39), (49, 86)]
[(48, 87), (176, 181)]
[(47, 88), (174, 187), (188, 191), (193, 194)]
[(47, 88), (120, 125), (172, 196)]
[(46, 88), (118, 130), (170, 197)]
[(44, 89), (116, 134), (167, 199)]
[(44, 88), (113, 134), (165, 199)]
[(44, 89), (112, 136), (163, 201)]
[(44, 89), (111, 136), (163, 202)]
[(45, 89), (111, 138), (162, 203)]
[(45, 90), (111, 138), (162, 204)]
[(45, 89), (110, 138), (162, 205)]
[(46, 89), (110, 138), (161, 205)]
[(47, 88), (109, 138), (161, 203)]
[(47, 87), (109, 138), (163, 205)]
[(47, 86), (108, 138), (161, 203)]
[(48, 85), (108, 136), (162, 204)]
[(50, 84), (109, 136), (160, 204)]
[(52, 83), (109, 136), (160, 204)]
[(53, 82), (110, 136), (161, 204)]
[(57, 80), (111, 135), (162, 203)]
[(59, 74), (113, 134), (163, 203)]
[(62, 68), (113, 133), (164, 203)]
[(116, 129), (166, 201)]
[(121, 127), (167, 200)]
[(168, 197)]
[(170, 195)]
[(76, 77), (172, 193)]
[(74, 81), (181, 190)]
[(74, 82)]
[(72, 85)]
[(72, 89)]
[(70, 91)]
[(70, 94)]
[(68, 97)]
[(68, 100)]
[(67, 102)]
[(66, 105)]
[(67, 108)]
[(68, 110), (150, 156)]
[(72, 112), (146, 162)]
[(74, 112), (143, 166), (212, 216)]
[(72, 112), (139, 171), (212, 219)]
[(71, 110), (136, 175), (211, 222)]
[(70, 110), (134, 175), (209, 224)]
[(69, 108), (133, 177), (209, 227)]
[(68, 108), (133, 177), (207, 231)]
[(68, 107), (131, 177), (207, 232)]
[(66, 106), (131, 178), (206, 235)]
[(65, 95), (97, 105), (131, 180), (207, 238)]
[(64, 94), (99, 104), (131, 180), (210, 240)]
[(63, 93), (130, 181), (211, 240)]
[(62, 93), (129, 182), (210, 240)]
[(61, 91), (129, 183), (209, 238)]
[(61, 90), (128, 183), (208, 238)]
[(59, 89), (127, 184), (207, 236)]
[(59, 88), (126, 183), (205, 235)]
[(58, 88), (128, 183), (205, 235)]
[(57, 87), (125, 183), (204, 226), (228, 233)]
[(55, 56), (57, 86), (125, 182), (203, 225)]
[(55, 85), (125, 182), (202, 223)]
[(54, 84), (125, 181), (200, 223)]
[(53, 83), (125, 180), (200, 222)]
[(52, 81), (127, 180), (198, 221)]
