(1024, 1024)
[]
[]
[]
[]
[]
[]
[]
[]
[]
[]
[]
[]
[]
[]
[]
[]
[]
[]
[]
[]
[]
[]
[]
[]
[]
[]
[]
[]
[]
[]
[]
[]
[]
[]
[]
[]
[]
[]
[]
[]
[]
[]
[]
[]
[]
[]
[]
[]
[]
[]
[]
[]
[]
[]
[]
[]
[]
[]
[]
[]
[]
[]
[]
[]
[]
[]
[]
[]
[]
[]
[]
[]
[]
[]
[]
[]
[]
[]
[]
[]
[]
[]
[]
[]
[]
[]
[]
[]
[]
[]
[]
[]
[]
[]
[]
[]
[]
[]
[]
[]
[]
[]
[]
[]
[(216, 256)]
[(216, 256)]
[(216, 256)]
[(216, 256)]
[(188, 280)]
[(188, 280)]
[(188, 280)]
[(188, 280)]
[(172, 296)]
[(172, 296)]
[(172, 296)]
[(172, 296)]
[(164, 308)]
[(164, 308)]
[(164, 308)]
[(164, 308)]
[(156, 316)]
[(156, 316)]
[(156, 316)]
[(156, 316)]
[(144, 328)]
[(144, 328)]
[(144, 328)]
[(144, 328)]
[(140, 332)]
[(140, 332)]
[(140, 332)]
[(140, 332)]
[(132, 340)]
[(132, 340)]
[(132, 340)]
[(132, 340)]
[(128, 344)]
[(128, 344)]
[(128, 344)]
[(128, 344)]
[(120, 348)]
[(120, 348)]
[(120, 348)]
[(120, 348)]
[(116, 356)]
[(116, 356)]
[(116, 356)]
[(116, 356)]
[(112, 360)]
[(112, 360)]
[(112, 360)]
[(112, 360)]
[(108, 360)]
[(108, 360)]
[(108, 360)]
[(108, 360)]
[(104, 368)]
[(104, 368)]
[(104, 368)]
[(104, 368)]
[(100, 368)]
[(100, 368)]
[(100, 368)]
[(100, 368)]
[(100, 372)]
[(100, 372)]
[(100, 372)]
[(100, 372)]
[(96, 376)]
[(96, 376)]
[(96, 376)]
[(96, 376)]
[(92, 376)]
[(92, 376)]
[(92, 376)]
[(92, 376)]
[(92, 380)]
[(92, 380)]
[(92, 380)]
[(92, 380)]
[(88, 384)]
[(88, 384)]
[(88, 384)]
[(88, 384)]
[(88, 384)]
[(88, 384)]
[(88, 384)]
[(88, 384)]
[(84, 388)]
[(84, 388)]
[(84, 388)]
[(84, 388)]
[(84, 388)]
[(84, 388)]
[(84, 388)]
[(84, 388)]
[(84, 388)]
[(84, 388)]
[(84, 388)]
[(84, 388)]
[(80, 392)]
[(80, 392)]
[(80, 392)]
[(80, 392)]
[(80, 392)]
[(80, 392)]
[(80, 392)]
[(80, 392)]
[(80, 392)]
[(80, 392)]
[(80, 392)]
[(80, 392)]
[(76, 392)]
[(76, 392)]
[(76, 392)]
[(76, 392)]
[(76, 392)]
[(76, 392)]
[(76, 392)]
[(76, 392)]
[(76, 392)]
[(76, 392)]
[(76, 392)]
[(76, 392)]
[(76, 392)]
[(76, 392)]
[(76, 392)]
[(76, 392)]
[(76, 392)]
[(76, 392)]
[(76, 392)]
[(76, 392)]
[(76, 392), (544, 620)]
[(76, 392), (544, 620)]
[(76, 392), (544, 620)]
[(76, 392), (544, 620)]
[(76, 392), (512, 520), (524, 640)]
[(76, 392), (512, 520), (524, 640)]
[(76, 392), (512, 520), (524, 640)]
[(76, 392), (512, 520), (524, 640)]
[(76, 392), (500, 664)]
[(76, 392), (500, 664)]
[(76, 392), (500, 664)]
[(76, 392), (500, 664)]
[(80, 392), (480, 684)]
[(80, 392), (480, 684)]
[(80, 392), (480, 684)]
[(80, 392), (480, 684)]
[(80, 392), (464, 700)]
[(80, 392), (464, 700)]
[(80, 392), (464, 700)]
[(80, 392), (464, 700)]
[(84, 392), (452, 712)]
[(84, 392), (452, 712)]
[(84, 392), (452, 712)]
[(84, 392), (452, 712)]
[(84, 388), (440, 724)]
[(84, 388), (440, 724)]
[(84, 388), (440, 724)]
[(84, 388), (440, 724)]
[(84, 388), (432, 732)]
[(84, 388), (432, 732)]
[(84, 388), (432, 732)]
[(84, 388), (432, 732)]
[(84, 384), (420, 744)]
[(84, 384), (420, 744)]
[(84, 384), (420, 744)]
[(84, 384), (420, 744)]
[(88, 384), (412, 752)]
[(88, 384), (412, 752)]
[(88, 384), (412, 752)]
[(88, 384), (412, 752)]
[(88, 380), (400, 760)]
[(88, 380), (400, 760)]
[(88, 380), (400, 760)]
[(88, 380), (400, 760)]
[(92, 380), (392, 768)]
[(92, 380), (392, 768)]
[(92, 380), (392, 768)]
[(92, 380), (392, 768)]
[(96, 376), (388, 776)]
[(96, 376), (388, 776)]
[(96, 376), (388, 776)]
[(96, 376), (388, 776)]
[(96, 376), (380, 780)]
[(96, 376), (380, 780)]
[(96, 376), (380, 780)]
[(96, 376), (380, 780)]
[(100, 372), (376, 788)]
[(100, 372), (376, 788)]
[(100, 372), (376, 788)]
[(100, 372), (376, 788)]
[(104, 796)]
[(104, 796)]
[(104, 796)]
[(104, 796)]
[(108, 800)]
[(108, 800)]
[(108, 800)]
[(108, 800)]
[(112, 804)]
[(112, 804)]
[(112, 804)]
[(112, 804)]
[(116, 812)]
[(116, 812)]
[(116, 812)]
[(116, 812)]
[(120, 820)]
[(120, 820)]
[(120, 820)]
[(120, 820)]
[(124, 824)]
[(124, 824)]
[(124, 824)]
[(124, 824)]
[(128, 824)]
[(128, 824)]
[(128, 824)]
[(128, 824)]
[(136, 832)]
[(136, 832)]
[(136, 832)]
[(136, 832)]
[(144, 836)]
[(144, 836)]
[(144, 836)]
[(144, 836)]
[(152, 840)]
[(152, 840)]
[(152, 840)]
[(152, 840)]
[(156, 312), (320, 844)]
[(156, 312), (320, 844)]
[(156, 312), (320, 844)]
[(156, 312), (320, 844)]
[(168, 304), (316, 848)]
[(168, 304), (316, 848)]
[(168, 304), (316, 848)]
[(168, 304), (316, 848)]
[(180, 288), (312, 852)]
[(180, 288), (312, 852)]
[(180, 288), (312, 852)]
[(180, 288), (312, 852)]
[(200, 272), (308, 856)]
[(200, 272), (308, 856)]
[(200, 272), (308, 856)]
[(200, 272), (308, 856)]
[(304, 860)]
[(304, 860)]
[(304, 860)]
[(304, 860)]
[(300, 864)]
[(300, 864)]
[(300, 864)]
[(300, 864)]
[(296, 868)]
[(296, 868)]
[(296, 868)]
[(296, 868)]
[(296, 868)]
[(296, 868)]
[(296, 868)]
[(296, 868)]
[(292, 872)]
[(292, 872)]
[(292, 872)]
[(292, 872)]
[(288, 876)]
[(288, 876)]
[(288, 876)]
[(288, 876)]
[(284, 876)]
[(284, 876)]
[(284, 876)]
[(284, 876)]
[(284, 880)]
[(284, 880)]
[(284, 880)]
[(284, 880)]
[(280, 884)]
[(280, 884)]
[(280, 884)]
[(280, 884)]
[(276, 884)]
[(276, 884)]
[(276, 884)]
[(276, 884)]
[(276, 888)]
[(276, 888)]
[(276, 888)]
[(276, 888)]
[(272, 892)]
[(272, 892)]
[(272, 892)]
[(272, 892)]
[(268, 892)]
[(268, 892)]
[(268, 892)]
[(268, 892)]
[(268, 892)]
[(268, 892)]
[(268, 892)]
[(268, 892)]
[(268, 896)]
[(268, 896)]
[(268, 896)]
[(268, 896)]
[(264, 900)]
[(264, 900)]
[(264, 900)]
[(264, 900)]
[(264, 900)]
[(264, 900)]
[(264, 900)]
[(264, 900)]
[(260, 900)]
[(260, 900)]
[(260, 900)]
[(260, 900)]
[(260, 904)]
[(260, 904)]
[(260, 904)]
[(260, 904)]
[(260, 904)]
[(260, 904)]
[(260, 904)]
[(260, 904)]
[(256, 908)]
[(256, 908)]
[(256, 908)]
[(256, 908)]
[(256, 908)]
[(256, 908)]
[(256, 908)]
[(256, 908)]
[(252, 908)]
[(252, 908)]
[(252, 908)]
[(252, 908)]
[(252, 908)]
[(252, 908)]
[(252, 908)]
[(252, 908)]
[(252, 912)]
[(252, 912)]
[(252, 912)]
[(252, 912)]
[(252, 912)]
[(252, 912)]
[(252, 912)]
[(252, 912)]
[(252, 912)]
[(252, 912)]
[(252, 912)]
[(252, 912)]
[(248, 916)]
[(248, 916)]
[(248, 916)]
[(248, 916)]
[(248, 916)]
[(248, 916)]
[(248, 916)]
[(248, 916)]
[(248, 916)]
[(248, 916)]
[(248, 916)]
[(248, 916)]
[(248, 916)]
[(248, 916)]
[(248, 916)]
[(248, 916)]
[(244, 916)]
[(244, 916)]
[(244, 916)]
[(244, 916)]
[(244, 916)]
[(244, 916)]
[(244, 916)]
[(244, 916)]
[(244, 916)]
[(244, 916)]
[(244, 916)]
[(244, 916)]
[(244, 916)]
[(244, 916)]
[(244, 916)]
[(244, 916)]
[(244, 916)]
[(244, 916)]
[(244, 916)]
[(244, 916)]
[(244, 916)]
[(244, 916)]
[(244, 916)]
[(244, 916)]
[(244, 916)]
[(244, 916)]
[(244, 916)]
[(244, 916)]
[(244, 916)]
[(244, 916)]
[(244, 916)]
[(244, 916)]
[(244, 916)]
[(244, 916)]
[(244, 916)]
[(244, 916)]
[(244, 916)]
[(244, 916)]
[(244, 916)]
[(244, 916)]
[(244, 916)]
[(244, 916)]
[(244, 916)]
[(244, 916)]
[(244, 916)]
[(244, 916)]
[(244, 916)]
[(244, 916)]
[(244, 916)]
[(244, 916)]
[(244, 916)]
[(244, 916)]
[(244, 916)]
[(244, 916)]
[(244, 916)]
[(244, 916)]
[(244, 916)]
[(244, 916)]
[(244, 916)]
[(244, 916)]
[(244, 916)]
[(244, 916)]
[(244, 916)]
[(244, 916)]
[(248, 916)]
[(248, 916)]
[(248, 916)]
[(248, 916)]
[(248, 916)]
[(248, 916)]
[(248, 916)]
[(248, 916)]
[(248, 916)]
[(248, 916)]
[(248, 916)]
[(248, 916)]
[(252, 912)]
[(252, 912)]
[(252, 912)]
[(252, 912)]
[(252, 912)]
[(252, 912)]
[(252, 912)]
[(252, 912)]
[(252, 912)]
[(252, 912)]
[(252, 912)]
[(252, 912)]
[(252, 912)]
[(252, 912)]
[(252, 912)]
[(252, 912)]
[(252, 908)]
[(252, 908)]
[(252, 908)]
[(252, 908)]
[(256, 908)]
[(256, 908)]
[(256, 908)]
[(256, 908)]
[(256, 908)]
[(256, 908)]
[(256, 908)]
[(256, 908)]
[(256, 908)]
[(256, 908)]
[(256, 908)]
[(256, 908)]
[(260, 904)]
[(260, 904)]
[(260, 904)]
[(260, 904)]
[(260, 900)]
[(260, 900)]
[(260, 900)]
[(260, 900)]
[(260, 900)]
[(260, 900)]
[(260, 900)]
[(260, 900)]
[(264, 900)]
[(264, 900)]
[(264, 900)]
[(264, 900)]
[(268, 896)]
[(268, 896)]
[(268, 896)]
[(268, 896)]
[(268, 896)]
[(268, 896)]
[(268, 896)]
[(268, 896)]
[(268, 892)]
[(268, 892)]
[(268, 892)]
[(268, 892)]
[(272, 892)]
[(272, 892)]
[(272, 892)]
[(272, 892)]
[(272, 892)]
[(272, 892)]
[(272, 892)]
[(272, 892)]
[(276, 888)]
[(276, 888)]
[(276, 888)]
[(276, 888)]
[(276, 884)]
[(276, 884)]
[(276, 884)]
[(276, 884)]
[(280, 884)]
[(280, 884)]
[(280, 884)]
[(280, 884)]
[(284, 880)]
[(284, 880)]
[(284, 880)]
[(284, 880)]
[(284, 876)]
[(284, 876)]
[(284, 876)]
[(284, 876)]
[(288, 876)]
[(288, 876)]
[(288, 876)]
[(288, 876)]
[(292, 872)]
[(292, 872)]
[(292, 872)]
[(292, 872)]
[(296, 868)]
[(296, 868)]
[(296, 868)]
[(296, 868)]
[(296, 864)]
[(296, 864)]
[(296, 864)]
[(296, 864)]
[(300, 864)]
[(300, 864)]
[(300, 864)]
[(300, 864)]
[(304, 856)]
[(304, 856)]
[(304, 856)]
[(304, 856)]
[(200, 272), (308, 856)]
[(200, 272), (308, 856)]
[(200, 272), (308, 856)]
[(200, 272), (308, 856)]
[(180, 288), (312, 852)]
[(180, 288), (312, 852)]
[(180, 288), (312, 852)]
[(180, 288), (312, 852)]
[(168, 304), (316, 848)]
[(168, 304), (316, 848)]
[(168, 304), (316, 848)]
[(168, 304), (316, 848)]
[(156, 312), (320, 844)]
[(156, 312), (320, 844)]
[(156, 312), (320, 844)]
[(156, 312), (320, 844)]
[(148, 320), (324, 840)]
[(148, 320), (324, 840)]
[(148, 320), (324, 840)]
[(148, 320), (324, 840)]
[(140, 836)]
[(140, 836)]
[(140, 836)]
[(140, 836)]
[(132, 828)]
[(132, 828)]
[(132, 828)]
[(132, 828)]
[(128, 824)]
[(128, 824)]
[(128, 824)]
[(128, 824)]
[(124, 824)]
[(124, 824)]
[(124, 824)]
[(124, 824)]
[(120, 816)]
[(120, 816)]
[(120, 816)]
[(120, 816)]
[(112, 808)]
[(112, 808)]
[(112, 808)]
[(112, 808)]
[(112, 804)]
[(112, 804)]
[(112, 804)]
[(112, 804)]
[(108, 800)]
[(108, 800)]
[(108, 800)]
[(108, 800)]
[(104, 796)]
[(104, 796)]
[(104, 796)]
[(104, 796)]
[(100, 372), (376, 788)]
[(100, 372), (376, 788)]
[(100, 372), (376, 788)]
[(100, 372), (376, 788)]
[(96, 376), (384, 780)]
[(96, 376), (384, 780)]
[(96, 376), (384, 780)]
[(96, 376), (384, 780)]
[(92, 376), (388, 772)]
[(92, 376), (388, 772)]
[(92, 376), (388, 772)]
[(92, 376), (388, 772)]
[(92, 380), (396, 764)]
[(92, 380), (396, 764)]
[(92, 380), (396, 764)]
[(92, 380), (396, 764)]
[(88, 384), (404, 756)]
[(88, 384), (404, 756)]
[(88, 384), (404, 756)]
[(88, 384), (404, 756)]
[(88, 384), (412, 748)]
[(88, 384), (412, 748)]
[(88, 384), (412, 748)]
[(88, 384), (412, 748)]
[(84, 384), (420, 744)]
[(84, 384), (420, 744)]
[(84, 384), (420, 744)]
[(84, 384), (420, 744)]
[(84, 388), (432, 732)]
[(84, 388), (432, 732)]
[(84, 388), (432, 732)]
[(84, 388), (432, 732)]
[(84, 388), (440, 720)]
[(84, 388), (440, 720)]
[(84, 388), (440, 720)]
[(84, 388), (440, 720)]
[(80, 392), (452, 712)]
[(80, 392), (452, 712)]
[(80, 392), (452, 712)]
[(80, 392), (452, 712)]
[(80, 392), (464, 696)]
[(80, 392), (464, 696)]
[(80, 392), (464, 696)]
[(80, 392), (464, 696)]
[(80, 392), (480, 680)]
[(80, 392), (480, 680)]
[(80, 392), (480, 680)]
[(80, 392), (480, 680)]
[(76, 392), (500, 664)]
[(76, 392), (500, 664)]
[(76, 392), (500, 664)]
[(76, 392), (500, 664)]
[(76, 392), (524, 640)]
[(76, 392), (524, 640)]
[(76, 392), (524, 640)]
[(76, 392), (524, 640)]
[(76, 392)]
[(76, 392)]
[(76, 392)]
[(76, 392)]
[(76, 392)]
[(76, 392)]
[(76, 392)]
[(76, 392)]
[(76, 392)]
[(76, 392)]
[(76, 392)]
[(76, 392)]
[(76, 392)]
[(76, 392)]
[(76, 392)]
[(76, 392)]
[(76, 392)]
[(76, 392)]
[(76, 392)]
[(76, 392)]
[(76, 392)]
[(76, 392)]
[(76, 392)]
[(76, 392)]
[(80, 392)]
[(80, 392)]
[(80, 392)]
[(80, 392)]
[(80, 392)]
[(80, 392)]
[(80, 392)]
[(80, 392)]
[(80, 392)]
[(80, 392)]
[(80, 392)]
[(80, 392)]
[(84, 388)]
[(84, 388)]
[(84, 388)]
[(84, 388)]
[(84, 388)]
[(84, 388)]
[(84, 388)]
[(84, 388)]
[(84, 384)]
[(84, 384)]
[(84, 384)]
[(84, 384)]
[(88, 384)]
[(88, 384)]
[(88, 384)]
[(88, 384)]
[(88, 384)]
[(88, 384)]
[(88, 384)]
[(88, 384)]
[(92, 380)]
[(92, 380)]
[(92, 380)]
[(92, 380)]
[(92, 376)]
[(92, 376)]
[(92, 376)]
[(92, 376)]
[(96, 376)]
[(96, 376)]
[(96, 376)]
[(96, 376)]
[(100, 372)]
[(100, 372)]
[(100, 372)]
[(100, 372)]
[(100, 368)]
[(100, 368)]
[(100, 368)]
[(100, 368)]
[(104, 368)]
[(104, 368)]
[(104, 368)]
[(104, 368)]
[(108, 360)]
[(108, 360)]
[(108, 360)]
[(108, 360)]
[(112, 360)]
[(112, 360)]
[(112, 360)]
[(112, 360)]
[(116, 352)]
[(116, 352)]
[(116, 352)]
[(116, 352)]
[(124, 348)]
[(124, 348)]
[(124, 348)]
[(124, 348)]
[(128, 344)]
[(128, 344)]
[(128, 344)]
[(128, 344)]
[(132, 336)]
[(132, 336)]
[(132, 336)]
[(132, 336)]
[(140, 332)]
[(140, 332)]
[(140, 332)]
[(140, 332)]
[(144, 324)]
[(144, 324)]
[(144, 324)]
[(144, 324)]
[(156, 316)]
[(156, 316)]
[(156, 316)]
[(156, 316)]
[(164, 308)]
[(164, 308)]
[(164, 308)]
[(164, 308)]
[(172, 296)]
[(172, 296)]
[(172, 296)]
[(172, 296)]
[(188, 280)]
[(188, 280)]
[(188, 280)]
[(188, 280)]
[(216, 256)]
[(216, 256)]
[(216, 256)]
[(216, 256)]
[]
[]
[]
[]
[]
[]
[]
[]
[]
[]
[]
[]
[]
[]
[]
[]
[]
[]
[]
[]
[]
[]
[]
[]
[]
[]
[]
[]
[]
[]
[]
[]
[]
[]
[]
[]
[]
[]
[]
[]
[]
[]
[]
[]
[]
[]
[]
[]
[]
[]
[]
[]
[]
[]
[]
[]
[]
[]
[]
[]
[]
[]
[]
[]
[]
[]
[]
[]
[]
[]
[]
[]
[]
[]
[]
[]
[]
[]
[]
[]
[]
[]
[]
[]
[]
[]
[]
[]
[]
[]
[]
[]
[]
[]
[]
[]
[]
[]
[]
[]
[]
[]
[]
[]
[]
[]
[]
[]
[]
[]
[]
[]
[]
[]
[]
[]
[]
[]
[]
[]
