(1024, 1024)
[(0, 68), (396, 580), (908, 1024)]
[(0, 68), (396, 580), (908, 1024)]
[(0, 68), (396, 580), (908, 1024)]
[(0, 68), (396, 580), (908, 1024)]
[(0, 72), (392, 584), (904, 1024)]
[(0, 72), (392, 584), (904, 1024)]
[(0, 72), (392, 584), (904, 1024)]
[(0, 72), (392, 584), (904, 1024)]
[(0, 72), (388, 588), (904, 1024)]
[(0, 72), (388, 588), (904, 1024)]
[(0, 72), (388, 588), (904, 1024)]
[(0, 72), (388, 588), (904, 1024)]
[(0, 76), (388, 588), (900, 1024)]
[(0, 76), (388, 588), (900, 1024)]
[(0, 76), (388, 588), (900, 1024)]
[(0, 76), (388, 588), (900, 1024)]
[(0, 80), (384, 592), (896, 1024)]
[(0, 80), (384, 592), (896, 1024)]
[(0, 80), (384, 592), (896, 1024)]
[(0, 80), (384, 592), (896, 1024)]
[(0, 80), (380, 596), (896, 1024)]
[(0, 80), (380, 596), (896, 1024)]
[(0, 80), (380, 596), (896, 1024)]
[(0, 80), (380, 596), (896, 1024)]
[(0, 84), (380, 596), (892, 1024)]
[(0, 84), (380, 596), (892, 1024)]
[(0, 84), (380, 596), (892, 1024)]
[(0, 84), (380, 596), (892, 1024)]
[(0, 88), (376, 600), (888, 1024)]
[(0, 88), (376, 600), (888, 1024)]
[(0, 88), (376, 600), (888, 1024)]
[(0, 88), (376, 600), (888, 1024)]
[(0, 88), (372, 604), (888, 1024)]
[(0, 88), (372, 604), (888, 1024)]
[(0, 88), (372, 604), (888, 1024)]
[(0, 88), (372, 604), (888, 1024)]
[(0, 92), (372, 604), (884, 1024)]
[(0, 92), (372, 604), (884, 1024)]
[(0, 92), (372, 604), (884, 1024)]
[(0, 92), (372, 604), (884, 1024)]
[(0, 96), (368, 608), (880, 1024)]
[(0, 96), (368, 608), (880, 1024)]
[(0, 96), (368, 608), (880, 1024)]
[(0, 96), (368, 608), (880, 1024)]
[(0, 96), (368, 612), (880, 1024)]
[(0, 96), (368, 612), (880, 1024)]
[(0, 96), (368, 612), (880, 1024)]
[(0, 96), (368, 612), (880, 1024)]
[(0, 100), (364, 612), (876, 1024)]
[(0, 100), (364, 612), (876, 1024)]
[(0, 100), (364, 612), (876, 1024)]
[(0, 100), (364, 612), (876, 1024)]
[(0, 104), (360, 616), (872, 1024)]
[(0, 104), (360, 616), (872, 1024)]
[(0, 104), (360, 616), (872, 1024)]
[(0, 104), (360, 616), (872, 1024)]
[(0, 104), (360, 620), (872, 1024)]
[(0, 104), (360, 620), (872, 1024)]
[(0, 104), (360, 620), (872, 1024)]
[(0, 104), (360, 620), (872, 1024)]
[(0, 108), (356, 620), (868, 1024)]
[(0, 108), (356, 620), (868, 1024)]
[(0, 108), (356, 620), (868, 1024)]
[(0, 108), (356, 620), (868, 1024)]
[(0, 112), (352, 624), (868, 1024)]
[(0, 112), (352, 624), (868, 1024)]
[(0, 112), (352, 624), (868, 1024)]
[(0, 112), (352, 624), (868, 1024)]
[(0, 112), (352, 624), (864, 1024)]
[(0, 112), (352, 624), (864, 1024)]
[(0, 112), (352, 624), (864, 1024)]
[(0, 112), (352, 624), (864, 1024)]
[(0, 116), (348, 628), (860, 1024)]
[(0, 116), (348, 628), (860, 1024)]
[(0, 116), (348, 628), (860, 1024)]
[(0, 116), (348, 628), (860, 1024)]
[(0, 116), (344, 632), (856, 1024)]
[(0, 116), (344, 632), (856, 1024)]
[(0, 116), (344, 632), (856, 1024)]
[(0, 116), (344, 632), (856, 1024)]
[(0, 120), (344, 632), (856, 1024)]
[(0, 120), (344, 632), (856, 1024)]
[(0, 120), (344, 632), (856, 1024)]
[(0, 120), (344, 632), (856, 1024)]
[(0, 124), (340, 636), (852, 1024)]
[(0, 124), (340, 636), (852, 1024)]
[(0, 124), (340, 636), (852, 1024)]
[(0, 124), (340, 636), (852, 1024)]
[(0, 124), (336, 640), (852, 1024)]
[(0, 124), (336, 640), (852, 1024)]
[(0, 124), (336, 640), (852, 1024)]
[(0, 124), (336, 640), (852, 1024)]
[(0, 128), (336, 640), (848, 1024)]
[(0, 128), (336, 640), (848, 1024)]
[(0, 128), (336, 640), (848, 1024)]
[(0, 128), (336, 640), (848, 1024)]
[(0, 132), (332, 644), (844, 1024)]
[(0, 132), (332, 644), (844, 1024)]
[(0, 132), (332, 644), (844, 1024)]
[(0, 132), (332, 644), (844, 1024)]
[(0, 132), (328, 648), (844, 1024)]
[(0, 132), (328, 648), (844, 1024)]
[(0, 132), (328, 648), (844, 1024)]
[(0, 132), (328, 648), (844, 1024)]
[(0, 136), (328, 648), (840, 1024)]
[(0, 136), (328, 648), (840, 1024)]
[(0, 136), (328, 648), (840, 1024)]
[(0, 136), (328, 648), (840, 1024)]
[(0, 140), (324, 652), (836, 1024)]
[(0, 140), (324, 652), (836, 1024)]
[(0, 140), (324, 652), (836, 1024)]
[(0, 140), (324, 652), (836, 1024)]
[(0, 140), (320, 656), (836, 1024)]
[(0, 140), (320, 656), (836, 1024)]
[(0, 140), (320, 656), (836, 1024)]
[(0, 140), (320, 656), (836, 1024)]
[]
[]
[]
[]
[(144, 320), (656, 832)]
[(144, 320), (656, 832)]
[(144, 320), (656, 832)]
[(144, 320), (656, 832)]
[(144, 320), (656, 836)]
[(144, 320), (656, 836)]
[(144, 320), (656, 836)]
[(144, 320), (656, 836)]
[(140, 324), (652, 836)]
[(140, 324), (652, 836)]
[(140, 324), (652, 836)]
[(140, 324), (652, 836)]
[(136, 328), (648, 840)]
[(136, 328), (648, 840)]
[(136, 328), (648, 840)]
[(136, 328), (648, 840)]
[(136, 328), (648, 844)]
[(136, 328), (648, 844)]
[(136, 328), (648, 844)]
[(136, 328), (648, 844)]
[(132, 332), (644, 844)]
[(132, 332), (644, 844)]
[(132, 332), (644, 844)]
[(132, 332), (644, 844)]
[(128, 336), (640, 848)]
[(128, 336), (640, 848)]
[(128, 336), (640, 848)]
[(128, 336), (640, 848)]
[(128, 336), (640, 852)]
[(128, 336), (640, 852)]
[(128, 336), (640, 852)]
[(128, 336), (640, 852)]
[(124, 340), (636, 852)]
[(124, 340), (636, 852)]
[(124, 340), (636, 852)]
[(124, 340), (636, 852)]
[(120, 344), (636, 856)]
[(120, 344), (636, 856)]
[(120, 344), (636, 856)]
[(120, 344), (636, 856)]
[(120, 344), (632, 856)]
[(120, 344), (632, 856)]
[(120, 344), (632, 856)]
[(120, 344), (632, 856)]
[(116, 348), (628, 860)]
[(116, 348), (628, 860)]
[(116, 348), (628, 860)]
[(116, 348), (628, 860)]
[(112, 348), (628, 864)]
[(112, 348), (628, 864)]
[(112, 348), (628, 864)]
[(112, 348), (628, 864)]
[(112, 352), (624, 864)]
[(112, 352), (624, 864)]
[(112, 352), (624, 864)]
[(112, 352), (624, 864)]
[(108, 356), (620, 868)]
[(108, 356), (620, 868)]
[(108, 356), (620, 868)]
[(108, 356), (620, 868)]
[(104, 356), (620, 872)]
[(104, 356), (620, 872)]
[(104, 356), (620, 872)]
[(104, 356), (620, 872)]
[(104, 360), (616, 872)]
[(104, 360), (616, 872)]
[(104, 360), (616, 872)]
[(104, 360), (616, 872)]
[(100, 364), (612, 876)]
[(100, 364), (612, 876)]
[(100, 364), (612, 876)]
[(100, 364), (612, 876)]
[(96, 364), (612, 880)]
[(96, 364), (612, 880)]
[(96, 364), (612, 880)]
[(96, 364), (612, 880)]
[(96, 368), (608, 880)]
[(96, 368), (608, 880)]
[(96, 368), (608, 880)]
[(96, 368), (608, 880)]
[(92, 372), (604, 884)]
[(92, 372), (604, 884)]
[(92, 372), (604, 884)]
[(92, 372), (604, 884)]
[(88, 372), (604, 888)]
[(88, 372), (604, 888)]
[(88, 372), (604, 888)]
[(88, 372), (604, 888)]
[(88, 376), (600, 888)]
[(88, 376), (600, 888)]
[(88, 376), (600, 888)]
[(88, 376), (600, 888)]
[(84, 380), (596, 892)]
[(84, 380), (596, 892)]
[(84, 380), (596, 892)]
[(84, 380), (596, 892)]
[(80, 380), (596, 896)]
[(80, 380), (596, 896)]
[(80, 380), (596, 896)]
[(80, 380), (596, 896)]
[(80, 384), (592, 896)]
[(80, 384), (592, 896)]
[(80, 384), (592, 896)]
[(80, 384), (592, 896)]
[(76, 388), (588, 900)]
[(76, 388), (588, 900)]
[(76, 388), (588, 900)]
[(76, 388), (588, 900)]
[(76, 388), (588, 904)]
[(76, 388), (588, 904)]
[(76, 388), (588, 904)]
[(76, 388), (588, 904)]
[(72, 392), (584, 904)]
[(72, 392), (584, 904)]
[(72, 392), (584, 904)]
[(72, 392), (584, 904)]
[(68, 396), (580, 908)]
[(68, 396), (580, 908)]
[(68, 396), (580, 908)]
[(68, 396), (580, 908)]
[(68, 396), (580, 912)]
[(68, 396), (580, 912)]
[(68, 396), (580, 912)]
[(68, 396), (580, 912)]
[(64, 400), (576, 912)]
[(64, 400), (576, 912)]
[(64, 400), (576, 912)]
[(64, 400), (576, 912)]
[(0, 60), (404, 576), (916, 1024)]
[(0, 60), (404, 576), (916, 1024)]
[(0, 60), (404, 576), (916, 1024)]
[(0, 60), (404, 576), (916, 1024)]
[(0, 64), (400, 576), (912, 1024)]
[(0, 64), (400, 576), (912, 1024)]
[(0, 64), (400, 576), (912, 1024)]
[(0, 64), (400, 576), (912, 1024)]
[(0, 68), (396, 580), (908, 1024)]
[(0, 68), (396, 580), (908, 1024)]
[(0, 68), (396, 580), (908, 1024)]
[(0, 68), (396, 580), (908, 1024)]
[(0, 68), (396, 584), (908, 1024)]
[(0, 68), (396, 584), (908, 1024)]
[(0, 68), (396, 584), (908, 1024)]
[(0, 68), (396, 584), (908, 1024)]
[(0, 72), (392, 584), (904, 1024)]
[(0, 72), (392, 584), (904, 1024)]
[(0, 72), (392, 584), (904, 1024)]
[(0, 72), (392, 584), (904, 1024)]
[(0, 76), (388, 588), (900, 1024)]
[(0, 76), (388, 588), (900, 1024)]
[(0, 76), (388, 588), (900, 1024)]
[(0, 76), (388, 588), (900, 1024)]
[(0, 76), (388, 588), (900, 1024)]
[(0, 76), (388, 588), (900, 1024)]
[(0, 76), (388, 588), (900, 1024)]
[(0, 76), (388, 588), (900, 1024)]
[(0, 80), (384, 592), (896, 1024)]
[(0, 80), (384, 592), (896, 1024)]
[(0, 80), (384, 592), (896, 1024)]
[(0, 80), (384, 592), (896, 1024)]
[(0, 84), (380, 596), (896, 1024)]
[(0, 84), (380, 596), (896, 1024)]
[(0, 84), (380, 596), (896, 1024)]
[(0, 84), (380, 596), (896, 1024)]
[(0, 84), (380, 596), (892, 1024)]
[(0, 84), (380, 596), (892, 1024)]
[(0, 84), (380, 596), (892, 1024)]
[(0, 84), (380, 596), (892, 1024)]
[(0, 88), (376, 600), (888, 1024)]
[(0, 88), (376, 600), (888, 1024)]
[(0, 88), (376, 600), (888, 1024)]
[(0, 88), (376, 600), (888, 1024)]
[(0, 92), (372, 604), (888, 1024)]
[(0, 92), (372, 604), (888, 1024)]
[(0, 92), (372, 604), (888, 1024)]
[(0, 92), (372, 604), (888, 1024)]
[(0, 92), (372, 604), (884, 1024)]
[(0, 92), (372, 604), (884, 1024)]
[(0, 92), (372, 604), (884, 1024)]
[(0, 92), (372, 604), (884, 1024)]
[(0, 96), (368, 608), (880, 1024)]
[(0, 96), (368, 608), (880, 1024)]
[(0, 96), (368, 608), (880, 1024)]
[(0, 96), (368, 608), (880, 1024)]
[(0, 100), (364, 612), (880, 1024)]
[(0, 100), (364, 612), (880, 1024)]
[(0, 100), (364, 612), (880, 1024)]
[(0, 100), (364, 612), (880, 1024)]
[(0, 100), (364, 612), (876, 1024)]
[(0, 100), (364, 612), (876, 1024)]
[(0, 100), (364, 612), (876, 1024)]
[(0, 100), (364, 612), (876, 1024)]
[(0, 104), (360, 616), (872, 1024)]
[(0, 104), (360, 616), (872, 1024)]
[(0, 104), (360, 616), (872, 1024)]
[(0, 104), (360, 616), (872, 1024)]
[(0, 104), (356, 620), (872, 1024)]
[(0, 104), (356, 620), (872, 1024)]
[(0, 104), (356, 620), (872, 1024)]
[(0, 104), (356, 620), (872, 1024)]
[(0, 108), (356, 620), (868, 1024)]
[(0, 108), (356, 620), (868, 1024)]
[(0, 108), (356, 620), (868, 1024)]
[(0, 108), (356, 620), (868, 1024)]
[(0, 112), (352, 624), (864, 1024)]
[(0, 112), (352, 624), (864, 1024)]
[(0, 112), (352, 624), (864, 1024)]
[(0, 112), (352, 624), (864, 1024)]
[(0, 112), (348, 628), (864, 1024)]
[(0, 112), (348, 628), (864, 1024)]
[(0, 112), (348, 628), (864, 1024)]
[(0, 112), (348, 628), (864, 1024)]
[(0, 116), (348, 628), (860, 1024)]
[(0, 116), (348, 628), (860, 1024)]
[(0, 116), (348, 628), (860, 1024)]
[(0, 116), (348, 628), (860, 1024)]
[(0, 120), (344, 632), (856, 1024)]
[(0, 120), (344, 632), (856, 1024)]
[(0, 120), (344, 632), (856, 1024)]
[(0, 120), (344, 632), (856, 1024)]
[(0, 120), (340, 636), (856, 1024)]
[(0, 120), (340, 636), (856, 1024)]
[(0, 120), (340, 636), (856, 1024)]
[(0, 120), (340, 636), (856, 1024)]
[(0, 124), (340, 636), (852, 1024)]
[(0, 124), (340, 636), (852, 1024)]
[(0, 124), (340, 636), (852, 1024)]
[(0, 124), (340, 636), (852, 1024)]
[(0, 128), (336, 640), (848, 1024)]
[(0, 128), (336, 640), (848, 1024)]
[(0, 128), (336, 640), (848, 1024)]
[(0, 128), (336, 640), (848, 1024)]
[(0, 128), (336, 644), (848, 1024)]
[(0, 128), (336, 644), (848, 1024)]
[(0, 128), (336, 644), (848, 1024)]
[(0, 128), (336, 644), (848, 1024)]
[(0, 132), (332, 644), (844, 1024)]
[(0, 132), (332, 644), (844, 1024)]
[(0, 132), (332, 644), (844, 1024)]
[(0, 132), (332, 644), (844, 1024)]
[(0, 136), (328, 648), (840, 1024)]
[(0, 136), (328, 648), (840, 1024)]
[(0, 136), (328, 648), (840, 1024)]
[(0, 136), (328, 648), (840, 1024)]
[(0, 136), (328, 652), (840, 1024)]
[(0, 136), (328, 652), (840, 1024)]
[(0, 136), (328, 652), (840, 1024)]
[(0, 136), (328, 652), (840, 1024)]
[(0, 140), (324, 652), (836, 1024)]
[(0, 140), (324, 652), (836, 1024)]
[(0, 140), (324, 652), (836, 1024)]
[(0, 140), (324, 652), (836, 1024)]
[(0, 144), (320, 656), (836, 1024)]
[(0, 144), (320, 656), (836, 1024)]
[(0, 144), (320, 656), (836, 1024)]
[(0, 144), (320, 656), (836, 1024)]
[]
[]
[]
[]
[(144, 320), (656, 832)]
[(144, 320), (656, 832)]
[(144, 320), (656, 832)]
[(144, 320), (656, 832)]
[(140, 324), (656, 836)]
[(140, 324), (656, 836)]
[(140, 324), (656, 836)]
[(140, 324), (656, 836)]
[(140, 324), (652, 836)]
[(140, 324), (652, 836)]
[(140, 324), (652, 836)]
[(140, 324), (652, 836)]
[(136, 328), (648, 840)]
[(136, 328), (648, 840)]
[(136, 328), (648, 840)]
[(136, 328), (648, 840)]
[(132, 328), (648, 844)]
[(132, 328), (648, 844)]
[(132, 328), (648, 844)]
[(132, 328), (648, 844)]
[(132, 332), (644, 844)]
[(132, 332), (644, 844)]
[(132, 332), (644, 844)]
[(132, 332), (644, 844)]
[(128, 336), (640, 848)]
[(128, 336), (640, 848)]
[(128, 336), (640, 848)]
[(128, 336), (640, 848)]
[(124, 336), (640, 852)]
[(124, 336), (640, 852)]
[(124, 336), (640, 852)]
[(124, 336), (640, 852)]
[(124, 340), (636, 852)]
[(124, 340), (636, 852)]
[(124, 340), (636, 852)]
[(124, 340), (636, 852)]
[(120, 344), (632, 856)]
[(120, 344), (632, 856)]
[(120, 344), (632, 856)]
[(120, 344), (632, 856)]
[(116, 344), (632, 860)]
[(116, 344), (632, 860)]
[(116, 344), (632, 860)]
[(116, 344), (632, 860)]
[(116, 348), (628, 860)]
[(116, 348), (628, 860)]
[(116, 348), (628, 860)]
[(116, 348), (628, 860)]
[(112, 352), (624, 864)]
[(112, 352), (624, 864)]
[(112, 352), (624, 864)]
[(112, 352), (624, 864)]
[(108, 352), (624, 868)]
[(108, 352), (624, 868)]
[(108, 352), (624, 868)]
[(108, 352), (624, 868)]
[(108, 356), (620, 868)]
[(108, 356), (620, 868)]
[(108, 356), (620, 868)]
[(108, 356), (620, 868)]
[(104, 360), (616, 872)]
[(104, 360), (616, 872)]
[(104, 360), (616, 872)]
[(104, 360), (616, 872)]
[(104, 360), (616, 876)]
[(104, 360), (616, 876)]
[(104, 360), (616, 876)]
[(104, 360), (616, 876)]
[(100, 364), (612, 876)]
[(100, 364), (612, 876)]
[(100, 364), (612, 876)]
[(100, 364), (612, 876)]
[(96, 368), (608, 880)]
[(96, 368), (608, 880)]
[(96, 368), (608, 880)]
[(96, 368), (608, 880)]
[(96, 368), (608, 884)]
[(96, 368), (608, 884)]
[(96, 368), (608, 884)]
[(96, 368), (608, 884)]
[(92, 372), (604, 884)]
[(92, 372), (604, 884)]
[(92, 372), (604, 884)]
[(92, 372), (604, 884)]
[(88, 376), (600, 888)]
[(88, 376), (600, 888)]
[(88, 376), (600, 888)]
[(88, 376), (600, 888)]
[(88, 376), (600, 888)]
[(88, 376), (600, 888)]
[(88, 376), (600, 888)]
[(88, 376), (600, 888)]
[(84, 380), (596, 892)]
[(84, 380), (596, 892)]
[(84, 380), (596, 892)]
[(84, 380), (596, 892)]
[(80, 384), (592, 896)]
[(80, 384), (592, 896)]
[(80, 384), (592, 896)]
[(80, 384), (592, 896)]
[(80, 384), (592, 896)]
[(80, 384), (592, 896)]
[(80, 384), (592, 896)]
[(80, 384), (592, 896)]
[(76, 388), (588, 900)]
[(76, 388), (588, 900)]
[(76, 388), (588, 900)]
[(76, 388), (588, 900)]
[(72, 392), (588, 904)]
[(72, 392), (588, 904)]
[(72, 392), (588, 904)]
[(72, 392), (588, 904)]
[(72, 392), (584, 904)]
[(72, 392), (584, 904)]
[(72, 392), (584, 904)]
[(72, 392), (584, 904)]
[(68, 396), (580, 908)]
[(68, 396), (580, 908)]
[(68, 396), (580, 908)]
[(68, 396), (580, 908)]
[(64, 396), (580, 912)]
[(64, 396), (580, 912)]
[(64, 396), (580, 912)]
[(64, 396), (580, 912)]
[]
[]
[]
[]
[(0, 60), (400, 576), (916, 1024)]
[(0, 60), (400, 576), (916, 1024)]
[(0, 60), (400, 576), (916, 1024)]
[(0, 60), (400, 576), (916, 1024)]
[(0, 64), (400, 576), (912, 1024)]
[(0, 64), (400, 576), (912, 1024)]
[(0, 64), (400, 576), (912, 1024)]
[(0, 64), (400, 576), (912, 1024)]
[(0, 68), (396, 580), (908, 1024)]
[(0, 68), (396, 580), (908, 1024)]
[(0, 68), (396, 580), (908, 1024)]
[(0, 68), (396, 580), (908, 1024)]
[(0, 68), (392, 584), (908, 1024)]
[(0, 68), (392, 584), (908, 1024)]
[(0, 68), (392, 584), (908, 1024)]
[(0, 68), (392, 584), (908, 1024)]
[(0, 72), (392, 584), (904, 1024)]
[(0, 72), (392, 584), (904, 1024)]
[(0, 72), (392, 584), (904, 1024)]
[(0, 72), (392, 584), (904, 1024)]
[(0, 76), (388, 588), (900, 1024)]
[(0, 76), (388, 588), (900, 1024)]
[(0, 76), (388, 588), (900, 1024)]
[(0, 76), (388, 588), (900, 1024)]
[(0, 76), (384, 592), (900, 1024)]
[(0, 76), (384, 592), (900, 1024)]
[(0, 76), (384, 592), (900, 1024)]
[(0, 76), (384, 592), (900, 1024)]
[(0, 80), (384, 592), (896, 1024)]
[(0, 80), (384, 592), (896, 1024)]
[(0, 80), (384, 592), (896, 1024)]
[(0, 80), (384, 592), (896, 1024)]
[(0, 84), (380, 596), (892, 1024)]
[(0, 84), (380, 596), (892, 1024)]
[(0, 84), (380, 596), (892, 1024)]
[(0, 84), (380, 596), (892, 1024)]
[(0, 84), (376, 600), (892, 1024)]
[(0, 84), (376, 600), (892, 1024)]
[(0, 84), (376, 600), (892, 1024)]
[(0, 84), (376, 600), (892, 1024)]
[(0, 88), (376, 600), (888, 1024)]
[(0, 88), (376, 600), (888, 1024)]
[(0, 88), (376, 600), (888, 1024)]
[(0, 88), (376, 600), (888, 1024)]
[(0, 92), (372, 604), (884, 1024)]
[(0, 92), (372, 604), (884, 1024)]
[(0, 92), (372, 604), (884, 1024)]
[(0, 92), (372, 604), (884, 1024)]
[(0, 92), (368, 608), (884, 1024)]
[(0, 92), (368, 608), (884, 1024)]
[(0, 92), (368, 608), (884, 1024)]
[(0, 92), (368, 608), (884, 1024)]
[(0, 96), (368, 608), (880, 1024)]
[(0, 96), (368, 608), (880, 1024)]
[(0, 96), (368, 608), (880, 1024)]
[(0, 96), (368, 608), (880, 1024)]
[(0, 100), (364, 612), (876, 1024)]
[(0, 100), (364, 612), (876, 1024)]
[(0, 100), (364, 612), (876, 1024)]
[(0, 100), (364, 612), (876, 1024)]
[(0, 100), (364, 616), (876, 1024)]
[(0, 100), (364, 616), (876, 1024)]
[(0, 100), (364, 616), (876, 1024)]
[(0, 100), (364, 616), (876, 1024)]
[(0, 104), (360, 616), (872, 1024)]
[(0, 104), (360, 616), (872, 1024)]
[(0, 104), (360, 616), (872, 1024)]
[(0, 104), (360, 616), (872, 1024)]
[(0, 108), (356, 620), (868, 1024)]
[(0, 108), (356, 620), (868, 1024)]
[(0, 108), (356, 620), (868, 1024)]
[(0, 108), (356, 620), (868, 1024)]
[(0, 108), (356, 620), (868, 1024)]
[(0, 108), (356, 620), (868, 1024)]
[(0, 108), (356, 620), (868, 1024)]
[(0, 108), (356, 620), (868, 1024)]
[(0, 112), (352, 624), (864, 1024)]
[(0, 112), (352, 624), (864, 1024)]
[(0, 112), (352, 624), (864, 1024)]
[(0, 112), (352, 624), (864, 1024)]
[(0, 116), (348, 628), (864, 1024)]
[(0, 116), (348, 628), (864, 1024)]
[(0, 116), (348, 628), (864, 1024)]
[(0, 116), (348, 628), (864, 1024)]
[(0, 116), (348, 628), (860, 1024)]
[(0, 116), (348, 628), (860, 1024)]
[(0, 116), (348, 628), (860, 1024)]
[(0, 116), (348, 628), (860, 1024)]
[(0, 120), (344, 632), (856, 1024)]
[(0, 120), (344, 632), (856, 1024)]
[(0, 120), (344, 632), (856, 1024)]
[(0, 120), (344, 632), (856, 1024)]
[(0, 124), (340, 636), (852, 1024)]
[(0, 124), (340, 636), (852, 1024)]
[(0, 124), (340, 636), (852, 1024)]
[(0, 124), (340, 636), (852, 1024)]
[(0, 124), (340, 636), (852, 1024)]
[(0, 124), (340, 636), (852, 1024)]
[(0, 124), (340, 636), (852, 1024)]
[(0, 124), (340, 636), (852, 1024)]
[(0, 128), (336, 640), (848, 1024)]
[(0, 128), (336, 640), (848, 1024)]
[(0, 128), (336, 640), (848, 1024)]
[(0, 128), (336, 640), (848, 1024)]
[(0, 128), (332, 644), (848, 1024)]
[(0, 128), (332, 644), (848, 1024)]
[(0, 128), (332, 644), (848, 1024)]
[(0, 128), (332, 644), (848, 1024)]
[(0, 132), (332, 644), (844, 1024)]
[(0, 132), (332, 644), (844, 1024)]
[(0, 132), (332, 644), (844, 1024)]
[(0, 132), (332, 644), (844, 1024)]
[(0, 136), (328, 648), (840, 1024)]
[(0, 136), (328, 648), (840, 1024)]
[(0, 136), (328, 648), (840, 1024)]
[(0, 136), (328, 648), (840, 1024)]
[(0, 136), (324, 652), (840, 1024)]
[(0, 136), (324, 652), (840, 1024)]
[(0, 136), (324, 652), (840, 1024)]
[(0, 136), (324, 652), (840, 1024)]
[(0, 140), (324, 652), (836, 1024)]
[(0, 140), (324, 652), (836, 1024)]
[(0, 140), (324, 652), (836, 1024)]
[(0, 140), (324, 652), (836, 1024)]
[(0, 144), (320, 656), (832, 1024)]
[(0, 144), (320, 656), (832, 1024)]
[(0, 144), (320, 656), (832, 1024)]
[(0, 144), (320, 656), (832, 1024)]
[(144, 316), (660, 832)]
[(144, 316), (660, 832)]
[(144, 316), (660, 832)]
[(144, 316), (660, 832)]
[(144, 320), (656, 832)]
[(144, 320), (656, 832)]
[(144, 320), (656, 832)]
[(144, 320), (656, 832)]
[(140, 324), (652, 836)]
[(140, 324), (652, 836)]
[(140, 324), (652, 836)]
[(140, 324), (652, 836)]
[(140, 324), (652, 840)]
[(140, 324), (652, 840)]
[(140, 324), (652, 840)]
[(140, 324), (652, 840)]
[(136, 328), (648, 840)]
[(136, 328), (648, 840)]
[(136, 328), (648, 840)]
[(136, 328), (648, 840)]
[(132, 332), (644, 844)]
[(132, 332), (644, 844)]
[(132, 332), (644, 844)]
[(132, 332), (644, 844)]
[(132, 332), (644, 848)]
[(132, 332), (644, 848)]
[(132, 332), (644, 848)]
[(132, 332), (644, 848)]
[(128, 336), (640, 848)]
[(128, 336), (640, 848)]
[(128, 336), (640, 848)]
[(128, 336), (640, 848)]
[(124, 340), (636, 852)]
[(124, 340), (636, 852)]
[(124, 340), (636, 852)]
[(124, 340), (636, 852)]
[(124, 340), (636, 852)]
[(124, 340), (636, 852)]
[(124, 340), (636, 852)]
[(124, 340), (636, 852)]
[(120, 344), (632, 856)]
[(120, 344), (632, 856)]
[(120, 344), (632, 856)]
[(120, 344), (632, 856)]
[(116, 344), (628, 860)]
[(116, 344), (628, 860)]
[(116, 344), (628, 860)]
[(116, 344), (628, 860)]
[(116, 348), (628, 860)]
[(116, 348), (628, 860)]
[(116, 348), (628, 860)]
[(116, 348), (628, 860)]
[(112, 352), (624, 864)]
[(112, 352), (624, 864)]
[(112, 352), (624, 864)]
[(112, 352), (624, 864)]
[(108, 352), (624, 868)]
[(108, 352), (624, 868)]
[(108, 352), (624, 868)]
[(108, 352), (624, 868)]
[(108, 356), (620, 868)]
[(108, 356), (620, 868)]
[(108, 356), (620, 868)]
[(108, 356), (620, 868)]
[(104, 360), (616, 872)]
[(104, 360), (616, 872)]
[(104, 360), (616, 872)]
[(104, 360), (616, 872)]
[(100, 360), (616, 876)]
[(100, 360), (616, 876)]
[(100, 360), (616, 876)]
[(100, 360), (616, 876)]
[(100, 364), (612, 876)]
[(100, 364), (612, 876)]
[(100, 364), (612, 876)]
[(100, 364), (612, 876)]
[(96, 368), (608, 880)]
[(96, 368), (608, 880)]
[(96, 368), (608, 880)]
[(96, 368), (608, 880)]
[(92, 368), (608, 884)]
[(92, 368), (608, 884)]
[(92, 368), (608, 884)]
[(92, 368), (608, 884)]
[(92, 372), (604, 884)]
[(92, 372), (604, 884)]
[(92, 372), (604, 884)]
[(92, 372), (604, 884)]
[(88, 376), (600, 888)]
[(88, 376), (600, 888)]
[(88, 376), (600, 888)]
[(88, 376), (600, 888)]
[(84, 376), (600, 892)]
[(84, 376), (600, 892)]
[(84, 376), (600, 892)]
[(84, 376), (600, 892)]
[(84, 380), (596, 892)]
[(84, 380), (596, 892)]
[(84, 380), (596, 892)]
[(84, 380), (596, 892)]
[(80, 384), (592, 896)]
[(80, 384), (592, 896)]
[(80, 384), (592, 896)]
[(80, 384), (592, 896)]
[(76, 384), (592, 900)]
[(76, 384), (592, 900)]
[(76, 384), (592, 900)]
[(76, 384), (592, 900)]
[(76, 388), (588, 900)]
[(76, 388), (588, 900)]
[(76, 388), (588, 900)]
[(76, 388), (588, 900)]
[(72, 392), (584, 904)]
[(72, 392), (584, 904)]
[(72, 392), (584, 904)]
[(72, 392), (584, 904)]
[(72, 392), (584, 908)]
[(72, 392), (584, 908)]
[(72, 392), (584, 908)]
[(72, 392), (584, 908)]
[(68, 396), (580, 908)]
[(68, 396), (580, 908)]
[(68, 396), (580, 908)]
[(68, 396), (580, 908)]
[(64, 400), (576, 912)]
[(64, 400), (576, 912)]
[(64, 400), (576, 912)]
[(64, 400), (576, 912)]
[]
[]
[]
[]
[(0, 64), (400, 576), (912, 1024)]
[(0, 64), (400, 576), (912, 1024)]
[(0, 64), (400, 576), (912, 1024)]
[(0, 64), (400, 576), (912, 1024)]
[(0, 64), (396, 580), (912, 1024)]
[(0, 64), (396, 580), (912, 1024)]
[(0, 64), (396, 580), (912, 1024)]
[(0, 64), (396, 580), (912, 1024)]
[(0, 68), (396, 580), (908, 1024)]
[(0, 68), (396, 580), (908, 1024)]
[(0, 68), (396, 580), (908, 1024)]
[(0, 68), (396, 580), (908, 1024)]
[(0, 72), (392, 584), (904, 1024)]
[(0, 72), (392, 584), (904, 1024)]
[(0, 72), (392, 584), (904, 1024)]
[(0, 72), (392, 584), (904, 1024)]
[(0, 72), (392, 588), (904, 1024)]
[(0, 72), (392, 588), (904, 1024)]
[(0, 72), (392, 588), (904, 1024)]
[(0, 72), (392, 588), (904, 1024)]
[(0, 76), (388, 588), (900, 1024)]
[(0, 76), (388, 588), (900, 1024)]
[(0, 76), (388, 588), (900, 1024)]
[(0, 76), (388, 588), (900, 1024)]
[(0, 80), (384, 592), (896, 1024)]
[(0, 80), (384, 592), (896, 1024)]
[(0, 80), (384, 592), (896, 1024)]
[(0, 80), (384, 592), (896, 1024)]
[(0, 80), (384, 596), (896, 1024)]
[(0, 80), (384, 596), (896, 1024)]
[(0, 80), (384, 596), (896, 1024)]
[(0, 80), (384, 596), (896, 1024)]
[(0, 84), (380, 596), (892, 1024)]
[(0, 84), (380, 596), (892, 1024)]
[(0, 84), (380, 596), (892, 1024)]
[(0, 84), (380, 596), (892, 1024)]
[(0, 88), (376, 600), (888, 1024)]
[(0, 88), (376, 600), (888, 1024)]
[(0, 88), (376, 600), (888, 1024)]
[(0, 88), (376, 600), (888, 1024)]
[(0, 88), (376, 600), (888, 1024)]
[(0, 88), (376, 600), (888, 1024)]
[(0, 88), (376, 600), (888, 1024)]
[(0, 88), (376, 600), (888, 1024)]
[(0, 92), (372, 604), (884, 1024)]
[(0, 92), (372, 604), (884, 1024)]
[(0, 92), (372, 604), (884, 1024)]
[(0, 92), (372, 604), (884, 1024)]
[(0, 92), (368, 608), (884, 1024)]
[(0, 92), (368, 608), (884, 1024)]
[(0, 92), (368, 608), (884, 1024)]
[(0, 92), (368, 608), (884, 1024)]
[(0, 96), (368, 608), (880, 1024)]
[(0, 96), (368, 608), (880, 1024)]
[(0, 96), (368, 608), (880, 1024)]
[(0, 96), (368, 608), (880, 1024)]
[(0, 100), (364, 612), (876, 1024)]
[(0, 100), (364, 612), (876, 1024)]
[(0, 100), (364, 612), (876, 1024)]
[(0, 100), (364, 612), (876, 1024)]
[(0, 100), (360, 616), (876, 1024)]
[(0, 100), (360, 616), (876, 1024)]
[(0, 100), (360, 616), (876, 1024)]
[(0, 100), (360, 616), (876, 1024)]
[(0, 104), (360, 616), (872, 1024)]
[(0, 104), (360, 616), (872, 1024)]
[(0, 104), (360, 616), (872, 1024)]
[(0, 104), (360, 616), (872, 1024)]
[(0, 108), (356, 620), (868, 1024)]
[(0, 108), (356, 620), (868, 1024)]
[(0, 108), (356, 620), (868, 1024)]
[(0, 108), (356, 620), (868, 1024)]
[(0, 108), (352, 624), (868, 1024)]
[(0, 108), (352, 624), (868, 1024)]
[(0, 108), (352, 624), (868, 1024)]
[(0, 108), (352, 624), (868, 1024)]
[(0, 112), (352, 624), (864, 1024)]
[(0, 112), (352, 624), (864, 1024)]
[(0, 112), (352, 624), (864, 1024)]
[(0, 112), (352, 624), (864, 1024)]
[(0, 116), (348, 628), (860, 1024)]
[(0, 116), (348, 628), (860, 1024)]
[(0, 116), (348, 628), (860, 1024)]
[(0, 116), (348, 628), (860, 1024)]
[(0, 116), (344, 632), (860, 1024)]
[(0, 116), (344, 632), (860, 1024)]
[(0, 116), (344, 632), (860, 1024)]
[(0, 116), (344, 632), (860, 1024)]
[(0, 120), (344, 632), (856, 1024)]
[(0, 120), (344, 632), (856, 1024)]
[(0, 120), (344, 632), (856, 1024)]
[(0, 120), (344, 632), (856, 1024)]
[(0, 124), (340, 636), (852, 1024)]
[(0, 124), (340, 636), (852, 1024)]
[(0, 124), (340, 636), (852, 1024)]
[(0, 124), (340, 636), (852, 1024)]
[(0, 124), (336, 640), (852, 1024)]
[(0, 124), (336, 640), (852, 1024)]
[(0, 124), (336, 640), (852, 1024)]
[(0, 124), (336, 640), (852, 1024)]
[(0, 128), (336, 640), (848, 1024)]
[(0, 128), (336, 640), (848, 1024)]
[(0, 128), (336, 640), (848, 1024)]
[(0, 128), (336, 640), (848, 1024)]
[(0, 132), (332, 644), (844, 1024)]
[(0, 132), (332, 644), (844, 1024)]
[(0, 132), (332, 644), (844, 1024)]
[(0, 132), (332, 644), (844, 1024)]
[(0, 132), (332, 648), (844, 1024)]
[(0, 132), (332, 648), (844, 1024)]
[(0, 132), (332, 648), (844, 1024)]
[(0, 132), (332, 648), (844, 1024)]
[(0, 136), (328, 648), (840, 1024)]
[(0, 136), (328, 648), (840, 1024)]
[(0, 136), (328, 648), (840, 1024)]
[(0, 136), (328, 648), (840, 1024)]
[(0, 140), (324, 652), (836, 1024)]
[(0, 140), (324, 652), (836, 1024)]
[(0, 140), (324, 652), (836, 1024)]
[(0, 140), (324, 652), (836, 1024)]
[(0, 140), (324, 652), (836, 1024)]
[(0, 140), (324, 652), (836, 1024)]
[(0, 140), (324, 652), (836, 1024)]
[(0, 140), (324, 652), (836, 1024)]
[(0, 24), (32, 128), (320, 348), (352, 452), (464, 628), (636, 640), (652, 656), (832, 904), (912, 920), (928, 964), (968, 1016), (1020, 1024)]
[(0, 24), (32, 128), (320, 348), (352, 452), (464, 628), (636, 640), (652, 656), (832, 904), (912, 920), (928, 964), (968, 1016), (1020, 1024)]
[(0, 24), (32, 128), (320, 348), (352, 452), (464, 628), (636, 640), (652, 656), (832, 904), (912, 920), (928, 964), (968, 1016), (1020, 1024)]
[(0, 24), (32, 128), (320, 348), (352, 452), (464, 628), (636, 640), (652, 656), (832, 904), (912, 920), (928, 964), (968, 1016), (1020, 1024)]
[(144, 320), (656, 832)]
[(144, 320), (656, 832)]
[(144, 320), (656, 832)]
[(144, 320), (656, 832)]
[(144, 320), (656, 832)]
[(144, 320), (656, 832)]
[(144, 320), (656, 832)]
[(144, 320), (656, 832)]
[(140, 324), (652, 836)]
[(140, 324), (652, 836)]
[(140, 324), (652, 836)]
[(140, 324), (652, 836)]
[(136, 328), (652, 840)]
[(136, 328), (652, 840)]
[(136, 328), (652, 840)]
[(136, 328), (652, 840)]
[(136, 328), (648, 840)]
[(136, 328), (648, 840)]
[(136, 328), (648, 840)]
[(136, 328), (648, 840)]
[(132, 332), (644, 844)]
[(132, 332), (644, 844)]
[(132, 332), (644, 844)]
[(132, 332), (644, 844)]
[(128, 332), (644, 848)]
[(128, 332), (644, 848)]
[(128, 332), (644, 848)]
[(128, 332), (644, 848)]
[(128, 336), (640, 848)]
[(128, 336), (640, 848)]
[(128, 336), (640, 848)]
[(128, 336), (640, 848)]
[(124, 340), (636, 852)]
[(124, 340), (636, 852)]
[(124, 340), (636, 852)]
[(124, 340), (636, 852)]
[(120, 340), (636, 856)]
[(120, 340), (636, 856)]
[(120, 340), (636, 856)]
[(120, 340), (636, 856)]
[(120, 344), (632, 856)]
[(120, 344), (632, 856)]
[(120, 344), (632, 856)]
[(120, 344), (632, 856)]
[(116, 348), (628, 860)]
[(116, 348), (628, 860)]
[(116, 348), (628, 860)]
[(116, 348), (628, 860)]
[(112, 348), (628, 864)]
[(112, 348), (628, 864)]
[(112, 348), (628, 864)]
[(112, 348), (628, 864)]
[(112, 352), (624, 864)]
[(112, 352), (624, 864)]
[(112, 352), (624, 864)]
[(112, 352), (624, 864)]
[(108, 356), (620, 868)]
[(108, 356), (620, 868)]
[(108, 356), (620, 868)]
[(108, 356), (620, 868)]
[(104, 356), (620, 872)]
[(104, 356), (620, 872)]
[(104, 356), (620, 872)]
[(104, 356), (620, 872)]
[(104, 360), (616, 872)]
[(104, 360), (616, 872)]
[(104, 360), (616, 872)]
[(104, 360), (616, 872)]
[(100, 364), (612, 876)]
[(100, 364), (612, 876)]
[(100, 364), (612, 876)]
[(100, 364), (612, 876)]
[(96, 364), (612, 880)]
[(96, 364), (612, 880)]
[(96, 364), (612, 880)]
[(96, 364), (612, 880)]
[(96, 368), (608, 880)]
[(96, 368), (608, 880)]
[(96, 368), (608, 880)]
[(96, 368), (608, 880)]
[(92, 372), (604, 884)]
[(92, 372), (604, 884)]
[(92, 372), (604, 884)]
[(92, 372), (604, 884)]
[(92, 372), (604, 888)]
[(92, 372), (604, 888)]
[(92, 372), (604, 888)]
[(92, 372), (604, 888)]
[(88, 376), (600, 888)]
[(88, 376), (600, 888)]
[(88, 376), (600, 888)]
[(88, 376), (600, 888)]
[(84, 380), (596, 892)]
[(84, 380), (596, 892)]
[(84, 380), (596, 892)]
[(84, 380), (596, 892)]
[(84, 380), (596, 892)]
[(84, 380), (596, 892)]
[(84, 380), (596, 892)]
[(84, 380), (596, 892)]
[(80, 384), (592, 896)]
[(80, 384), (592, 896)]
[(80, 384), (592, 896)]
[(80, 384), (592, 896)]
[(76, 388), (592, 900)]
[(76, 388), (592, 900)]
[(76, 388), (592, 900)]
[(76, 388), (592, 900)]
[(76, 388), (588, 900)]
[(76, 388), (588, 900)]
[(76, 388), (588, 900)]
[(76, 388), (588, 900)]
[(72, 392), (584, 904)]
[(72, 392), (584, 904)]
[(72, 392), (584, 904)]
[(72, 392), (584, 904)]
[(68, 396), (584, 908)]
[(68, 396), (584, 908)]
[(68, 396), (584, 908)]
[(68, 396), (584, 908)]
[(68, 396), (580, 908)]
[(68, 396), (580, 908)]
[(68, 396), (580, 908)]
[(68, 396), (580, 908)]
[(64, 400), (576, 912)]
[(64, 400), (576, 912)]
[(64, 400), (576, 912)]
[(64, 400), (576, 912)]
