(1024, 1024)
[]
[]
[]
[]
[]
[]
[]
[]
[]
[]
[]
[]
[]
[]
[]
[]
[]
[]
[]
[]
[]
[]
[]
[]
[]
[]
[]
[]
[]
[]
[]
[]
[]
[]
[]
[]
[]
[]
[]
[]
[]
[]
[]
[]
[]
[]
[]
[]
[]
[]
[]
[]
[]
[]
[]
[]
[]
[]
[]
[]
[]
[]
[]
[]
[]
[]
[]
[]
[]
[]
[]
[]
[]
[]
[]
[]
[]
[]
[]
[]
[]
[]
[]
[]
[]
[]
[]
[]
[(412, 432)]
[(412, 432)]
[(412, 432)]
[(412, 432)]
[(400, 432)]
[(400, 432)]
[(400, 432)]
[(400, 432)]
[(384, 440)]
[(384, 440)]
[(384, 440)]
[(384, 440)]
[(368, 440)]
[(368, 440)]
[(368, 440)]
[(368, 440)]
[(356, 440)]
[(356, 440)]
[(356, 440)]
[(356, 440)]
[(344, 448)]
[(344, 448)]
[(344, 448)]
[(344, 448)]
[(332, 452)]
[(332, 452)]
[(332, 452)]
[(332, 452)]
[(324, 452)]
[(324, 452)]
[(324, 452)]
[(324, 452)]
[(304, 456)]
[(304, 456)]
[(304, 456)]
[(304, 456)]
[(296, 460), (600, 620)]
[(296, 460), (600, 620)]
[(296, 460), (600, 620)]
[(296, 460), (600, 620)]
[(284, 444), (600, 632)]
[(284, 444), (600, 632)]
[(284, 444), (600, 632)]
[(284, 444), (600, 632)]
[(276, 436), (592, 640)]
[(276, 436), (592, 640)]
[(276, 436), (592, 640)]
[(276, 436), (592, 640)]
[(276, 432), (588, 648)]
[(276, 432), (588, 648)]
[(276, 432), (588, 648)]
[(276, 432), (588, 648)]
[(280, 432), (584, 660)]
[(280, 432), (584, 660)]
[(280, 432), (584, 660)]
[(280, 432), (584, 660)]
[(284, 440), (580, 672)]
[(284, 440), (580, 672)]
[(284, 440), (580, 672)]
[(284, 440), (580, 672)]
[(288, 440), (580, 680)]
[(288, 440), (580, 680)]
[(288, 440), (580, 680)]
[(288, 440), (580, 680)]
[(192, 212), (288, 448), (572, 688)]
[(192, 212), (288, 448), (572, 688)]
[(192, 212), (288, 448), (572, 688)]
[(192, 212), (288, 448), (572, 688)]
[(188, 224), (292, 448), (568, 696)]
[(188, 224), (292, 448), (568, 696)]
[(188, 224), (292, 448), (568, 696)]
[(188, 224), (292, 448), (568, 696)]
[(184, 236), (296, 452), (560, 712)]
[(184, 236), (296, 452), (560, 712)]
[(184, 236), (296, 452), (560, 712)]
[(184, 236), (296, 452), (560, 712)]
[(180, 248), (300, 456), (560, 720)]
[(180, 248), (300, 456), (560, 720)]
[(180, 248), (300, 456), (560, 720)]
[(180, 248), (300, 456), (560, 720)]
[(176, 264), (304, 332), (340, 460), (552, 732)]
[(176, 264), (304, 332), (340, 460), (552, 732)]
[(176, 264), (304, 332), (340, 460), (552, 732)]
[(176, 264), (304, 332), (340, 460), (552, 732)]
[(176, 276), (308, 316), (348, 464), (552, 736)]
[(176, 276), (308, 316), (348, 464), (552, 736)]
[(176, 276), (308, 316), (348, 464), (552, 736)]
[(176, 276), (308, 316), (348, 464), (552, 736)]
[(168, 280), (348, 468), (564, 744)]
[(168, 280), (348, 468), (564, 744)]
[(168, 280), (348, 468), (564, 744)]
[(168, 280), (348, 468), (564, 744)]
[(168, 296), (356, 472), (576, 756)]
[(168, 296), (356, 472), (576, 756)]
[(168, 296), (356, 472), (576, 756)]
[(168, 296), (356, 472), (576, 756)]
[(164, 304), (356, 468), (584, 768)]
[(164, 304), (356, 468), (584, 768)]
[(164, 304), (356, 468), (584, 768)]
[(164, 304), (356, 468), (584, 768)]
[(160, 320), (356, 476), (592, 772)]
[(160, 320), (356, 476), (592, 772)]
[(160, 320), (356, 476), (592, 772)]
[(160, 320), (356, 476), (592, 772)]
[(156, 328), (364, 476), (600, 784)]
[(156, 328), (364, 476), (600, 784)]
[(156, 328), (364, 476), (600, 784)]
[(156, 328), (364, 476), (600, 784)]
[(152, 340), (368, 484), (612, 796)]
[(152, 340), (368, 484), (612, 796)]
[(152, 340), (368, 484), (612, 796)]
[(152, 340), (368, 484), (612, 796)]
[(148, 348), (372, 484), (624, 804), (848, 864)]
[(148, 348), (372, 484), (624, 804), (848, 864)]
[(148, 348), (372, 484), (624, 804), (848, 864)]
[(148, 348), (372, 484), (624, 804), (848, 864)]
[(156, 344), (348, 352), (376, 484), (632, 812), (844, 880)]
[(156, 344), (348, 352), (376, 484), (632, 812), (844, 880)]
[(156, 344), (348, 352), (376, 484), (632, 812), (844, 880)]
[(156, 344), (348, 352), (376, 484), (632, 812), (844, 880)]
[(164, 344), (376, 492), (644, 824), (840, 892)]
[(164, 344), (376, 492), (644, 824), (840, 892)]
[(164, 344), (376, 492), (644, 824), (840, 892)]
[(164, 344), (376, 492), (644, 824), (840, 892)]
[(176, 336), (380, 496), (652, 900)]
[(176, 336), (380, 496), (652, 900)]
[(176, 336), (380, 496), (652, 900)]
[(176, 336), (380, 496), (652, 900)]
[(176, 336), (384, 500), (660, 908)]
[(176, 336), (384, 500), (660, 908)]
[(176, 336), (384, 500), (660, 908)]
[(176, 336), (384, 500), (660, 908)]
[(168, 332), (388, 500), (668, 916)]
[(168, 332), (388, 500), (668, 916)]
[(168, 332), (388, 500), (668, 916)]
[(168, 332), (388, 500), (668, 916)]
[(164, 328), (392, 504), (680, 928)]
[(164, 328), (392, 504), (680, 928)]
[(164, 328), (392, 504), (680, 928)]
[(164, 328), (392, 504), (680, 928)]
[(160, 324), (392, 508), (688, 936)]
[(160, 324), (392, 508), (688, 936)]
[(160, 324), (392, 508), (688, 936)]
[(160, 324), (392, 508), (688, 936)]
[(160, 320), (400, 516), (700, 944)]
[(160, 320), (400, 516), (700, 944)]
[(160, 320), (400, 516), (700, 944)]
[(160, 320), (400, 516), (700, 944)]
[(156, 312), (400, 504), (708, 944)]
[(156, 312), (400, 504), (708, 944)]
[(156, 312), (400, 504), (708, 944)]
[(156, 312), (400, 504), (708, 944)]
[(152, 312), (400, 492), (592, 616), (716, 720), (724, 940)]
[(152, 312), (400, 492), (592, 616), (716, 720), (724, 940)]
[(152, 312), (400, 492), (592, 616), (716, 720), (724, 940)]
[(152, 312), (400, 492), (592, 616), (716, 720), (724, 940)]
[(148, 304), (408, 480), (584, 672), (732, 936)]
[(148, 304), (408, 480), (584, 672), (732, 936)]
[(148, 304), (408, 480), (584, 672), (732, 936)]
[(148, 304), (408, 480), (584, 672), (732, 936)]
[(144, 264), (276, 304), (408, 472), (576, 676), (736, 932)]
[(144, 264), (276, 304), (408, 472), (576, 676), (736, 932)]
[(144, 264), (276, 304), (408, 472), (576, 676), (736, 932)]
[(144, 264), (276, 304), (408, 472), (576, 676), (736, 932)]
[(140, 260), (416, 456), (568, 680), (748, 928)]
[(140, 260), (416, 456), (568, 680), (748, 928)]
[(140, 260), (416, 456), (568, 680), (748, 928)]
[(140, 260), (416, 456), (568, 680), (748, 928)]
[(136, 256), (420, 448), (564, 688), (756, 924)]
[(136, 256), (420, 448), (564, 688), (756, 924)]
[(136, 256), (420, 448), (564, 688), (756, 924)]
[(136, 256), (420, 448), (564, 688), (756, 924)]
[(132, 252), (424, 436), (560, 692), (772, 916)]
[(132, 252), (424, 436), (560, 692), (772, 916)]
[(132, 252), (424, 436), (560, 692), (772, 916)]
[(132, 252), (424, 436), (560, 692), (772, 916)]
[(128, 248), (552, 700), (780, 912)]
[(128, 248), (552, 700), (780, 912)]
[(128, 248), (552, 700), (780, 912)]
[(128, 248), (552, 700), (780, 912)]
[(124, 240), (548, 704), (776, 900), (904, 908)]
[(124, 240), (548, 704), (776, 900), (904, 908)]
[(124, 240), (548, 704), (776, 900), (904, 908)]
[(124, 240), (548, 704), (776, 900), (904, 908)]
[(120, 240), (540, 712), (772, 904)]
[(120, 240), (540, 712), (772, 904)]
[(120, 240), (540, 712), (772, 904)]
[(120, 240), (540, 712), (772, 904)]
[(116, 240), (536, 708), (768, 900)]
[(116, 240), (536, 708), (768, 900)]
[(116, 240), (536, 708), (768, 900)]
[(116, 240), (536, 708), (768, 900)]
[(116, 232), (540, 712), (764, 900)]
[(116, 232), (540, 712), (764, 900)]
[(116, 232), (540, 712), (764, 900)]
[(116, 232), (540, 712), (764, 900)]
[(108, 228), (540, 712), (764, 896)]
[(108, 228), (540, 712), (764, 896)]
[(108, 228), (540, 712), (764, 896)]
[(108, 228), (540, 712), (764, 896)]
[(108, 224), (536, 712), (764, 888)]
[(108, 224), (536, 712), (764, 888)]
[(108, 224), (536, 712), (764, 888)]
[(108, 224), (536, 712), (764, 888)]
[(100, 224), (540, 712), (780, 884)]
[(100, 224), (540, 712), (780, 884)]
[(100, 224), (540, 712), (780, 884)]
[(100, 224), (540, 712), (780, 884)]
[(96, 216), (540, 712), (788, 880)]
[(96, 216), (540, 712), (788, 880)]
[(96, 216), (540, 712), (788, 880)]
[(96, 216), (540, 712), (788, 880)]
[(96, 216), (536, 712), (800, 876)]
[(96, 216), (536, 712), (800, 876)]
[(96, 216), (536, 712), (800, 876)]
[(96, 216), (536, 712), (800, 876)]
[(92, 212), (540, 712), (808, 872)]
[(92, 212), (540, 712), (808, 872)]
[(92, 212), (540, 712), (808, 872)]
[(92, 212), (540, 712), (808, 872)]
[(88, 204), (536, 712), (816, 868)]
[(88, 204), (536, 712), (816, 868)]
[(88, 204), (536, 712), (816, 868)]
[(88, 204), (536, 712), (816, 868)]
[(84, 204), (536, 712), (824, 864)]
[(84, 204), (536, 712), (824, 864)]
[(84, 204), (536, 712), (824, 864)]
[(84, 204), (536, 712), (824, 864)]
[(80, 196), (540, 712), (836, 860)]
[(80, 196), (540, 712), (836, 860)]
[(80, 196), (540, 712), (836, 860)]
[(80, 196), (540, 712), (836, 860)]
[(80, 196), (544, 712), (844, 856)]
[(80, 196), (544, 712), (844, 856)]
[(80, 196), (544, 712), (844, 856)]
[(80, 196), (544, 712), (844, 856)]
[(72, 188), (552, 700)]
[(72, 188), (552, 700)]
[(72, 188), (552, 700)]
[(72, 188), (552, 700)]
[(68, 188), (552, 696)]
[(68, 188), (552, 696)]
[(68, 188), (552, 696)]
[(68, 188), (552, 696)]
[(64, 184), (560, 692)]
[(64, 184), (560, 692)]
[(64, 184), (560, 692)]
[(64, 184), (560, 692)]
[(60, 180), (568, 680)]
[(60, 180), (568, 680)]
[(60, 180), (568, 680)]
[(60, 180), (568, 680)]
[(56, 176), (576, 676)]
[(56, 176), (576, 676)]
[(56, 176), (576, 676)]
[(56, 176), (576, 676)]
[(64, 176), (260, 288), (580, 668)]
[(64, 176), (260, 288), (580, 668)]
[(64, 176), (260, 288), (580, 668)]
[(64, 176), (260, 288), (580, 668)]
[(76, 172), (228, 232), (236, 300), (596, 616), (624, 640), (648, 656)]
[(76, 172), (228, 232), (236, 300), (596, 616), (624, 640), (648, 656)]
[(76, 172), (228, 232), (236, 300), (596, 616), (624, 640), (648, 656)]
[(76, 172), (228, 232), (236, 300), (596, 616), (624, 640), (648, 656)]
[(88, 164), (168, 172), (212, 308)]
[(88, 164), (168, 172), (212, 308)]
[(88, 164), (168, 172), (212, 308)]
[(88, 164), (168, 172), (212, 308)]
[(92, 160), (208, 324)]
[(92, 160), (208, 324)]
[(92, 160), (208, 324)]
[(92, 160), (208, 324)]
[(104, 160), (204, 332)]
[(104, 160), (204, 332)]
[(104, 160), (204, 332)]
[(104, 160), (204, 332)]
[(116, 156), (200, 340)]
[(116, 156), (200, 340)]
[(116, 156), (200, 340)]
[(116, 156), (200, 340)]
[(124, 156), (196, 344)]
[(124, 156), (196, 344)]
[(124, 156), (196, 344)]
[(124, 156), (196, 344)]
[(192, 348), (704, 724)]
[(192, 348), (704, 724)]
[(192, 348), (704, 724)]
[(192, 348), (704, 724)]
[(188, 352), (696, 748), (752, 764), (772, 776)]
[(188, 352), (696, 748), (752, 764), (772, 776)]
[(188, 352), (696, 748), (752, 764), (772, 776)]
[(188, 352), (696, 748), (752, 764), (772, 776)]
[(188, 352), (480, 500), (688, 784)]
[(188, 352), (480, 500), (688, 784)]
[(188, 352), (480, 500), (688, 784)]
[(188, 352), (480, 500), (688, 784)]
[(184, 352), (472, 520), (680, 788)]
[(184, 352), (472, 520), (680, 788)]
[(184, 352), (472, 520), (680, 788)]
[(184, 352), (472, 520), (680, 788)]
[(176, 356), (464, 536), (668, 796)]
[(176, 356), (464, 536), (668, 796)]
[(176, 356), (464, 536), (668, 796)]
[(176, 356), (464, 536), (668, 796)]
[(176, 352), (452, 536), (660, 796)]
[(176, 352), (452, 536), (660, 796)]
[(176, 352), (452, 536), (660, 796)]
[(176, 352), (452, 536), (660, 796)]
[(176, 356), (448, 544), (652, 804)]
[(176, 356), (448, 544), (652, 804)]
[(176, 356), (448, 544), (652, 804)]
[(176, 356), (448, 544), (652, 804)]
[(176, 356), (444, 544), (652, 808)]
[(176, 356), (444, 544), (652, 808)]
[(176, 356), (444, 544), (652, 808)]
[(176, 356), (444, 544), (652, 808)]
[(180, 356), (444, 552), (648, 812)]
[(180, 356), (444, 552), (648, 812)]
[(180, 356), (444, 552), (648, 812)]
[(180, 356), (444, 552), (648, 812)]
[(180, 360), (444, 552), (648, 816)]
[(180, 360), (444, 552), (648, 816)]
[(180, 360), (444, 552), (648, 816)]
[(180, 360), (444, 552), (648, 816)]
[(180, 356), (440, 552), (648, 820)]
[(180, 356), (440, 552), (648, 820)]
[(180, 356), (440, 552), (648, 820)]
[(180, 356), (440, 552), (648, 820)]
[(184, 356), (440, 552), (644, 820)]
[(184, 356), (440, 552), (644, 820)]
[(184, 356), (440, 552), (644, 820)]
[(184, 356), (440, 552), (644, 820)]
[(188, 352), (436, 552), (644, 812)]
[(188, 352), (436, 552), (644, 812)]
[(188, 352), (436, 552), (644, 812)]
[(188, 352), (436, 552), (644, 812)]
[(188, 348), (436, 552), (652, 820)]
[(188, 348), (436, 552), (652, 820)]
[(188, 348), (436, 552), (652, 820)]
[(188, 348), (436, 552), (652, 820)]
[(188, 344), (432, 552), (644, 812)]
[(188, 344), (432, 552), (644, 812)]
[(188, 344), (432, 552), (644, 812)]
[(188, 344), (432, 552), (644, 812)]
[(192, 340), (432, 544), (648, 816)]
[(192, 340), (432, 544), (648, 816)]
[(192, 340), (432, 544), (648, 816)]
[(192, 340), (432, 544), (648, 816)]
[(200, 336), (436, 544), (640, 816)]
[(200, 336), (436, 544), (640, 816)]
[(200, 336), (436, 544), (640, 816)]
[(200, 336), (436, 544), (640, 816)]
[(208, 332), (436, 544), (640, 816)]
[(208, 332), (436, 544), (640, 816)]
[(208, 332), (436, 544), (640, 816)]
[(208, 332), (436, 544), (640, 816)]
[(212, 328), (440, 544), (644, 816)]
[(212, 328), (440, 544), (644, 816)]
[(212, 328), (440, 544), (644, 816)]
[(212, 328), (440, 544), (644, 816)]
[(228, 320), (444, 540), (648, 812)]
[(228, 320), (444, 540), (648, 812)]
[(228, 320), (444, 540), (648, 812)]
[(228, 320), (444, 540), (648, 812)]
[(236, 296), (452, 536), (652, 812)]
[(236, 296), (452, 536), (652, 812)]
[(236, 296), (452, 536), (652, 812)]
[(236, 296), (452, 536), (652, 812)]
[(248, 272), (452, 532), (656, 812)]
[(248, 272), (452, 532), (656, 812)]
[(248, 272), (452, 532), (656, 812)]
[(248, 272), (452, 532), (656, 812)]
[(464, 516), (664, 804)]
[(464, 516), (664, 804)]
[(464, 516), (664, 804)]
[(464, 516), (664, 804)]
[(484, 508), (668, 800)]
[(484, 508), (668, 800)]
[(484, 508), (668, 800)]
[(484, 508), (668, 800)]
[(672, 788)]
[(672, 788)]
[(672, 788)]
[(672, 788)]
[(680, 780)]
[(680, 780)]
[(680, 780)]
[(680, 780)]
[(304, 308), (688, 772)]
[(304, 308), (688, 772)]
[(304, 308), (688, 772)]
[(304, 308), (688, 772)]
[(296, 324), (724, 760)]
[(296, 324), (724, 760)]
[(296, 324), (724, 760)]
[(296, 324), (724, 760)]
[(296, 328)]
[(296, 328)]
[(296, 328)]
[(296, 328)]
[(288, 340)]
[(288, 340)]
[(288, 340)]
[(288, 340)]
[(288, 356)]
[(288, 356)]
[(288, 356)]
[(288, 356)]
[(280, 364)]
[(280, 364)]
[(280, 364)]
[(280, 364)]
[(280, 376)]
[(280, 376)]
[(280, 376)]
[(280, 376)]
[(272, 388)]
[(272, 388)]
[(272, 388)]
[(272, 388)]
[(272, 400)]
[(272, 400)]
[(272, 400)]
[(272, 400)]
[(268, 408)]
[(268, 408)]
[(268, 408)]
[(268, 408)]
[(264, 420)]
[(264, 420)]
[(264, 420)]
[(264, 420)]
[(268, 432)]
[(268, 432)]
[(268, 432)]
[(268, 432)]
[(272, 440), (600, 624)]
[(272, 440), (600, 624)]
[(272, 440), (600, 624)]
[(272, 440), (600, 624)]
[(288, 448), (584, 648)]
[(288, 448), (584, 648)]
[(288, 448), (584, 648)]
[(288, 448), (584, 648)]
[(296, 448), (572, 664), (848, 864)]
[(296, 448), (572, 664), (848, 864)]
[(296, 448), (572, 664), (848, 864)]
[(296, 448), (572, 664), (848, 864)]
[(288, 448), (556, 684), (848, 876)]
[(288, 448), (556, 684), (848, 876)]
[(288, 448), (556, 684), (848, 876)]
[(288, 448), (556, 684), (848, 876)]
[(284, 440), (544, 700), (844, 888)]
[(284, 440), (544, 700), (844, 888)]
[(284, 440), (544, 700), (844, 888)]
[(284, 440), (544, 700), (844, 888)]
[(280, 440), (536, 700), (836, 896)]
[(280, 440), (536, 700), (836, 896)]
[(280, 440), (536, 700), (836, 896)]
[(280, 440), (536, 700), (836, 896)]
[(276, 432), (532, 708), (836, 908)]
[(276, 432), (532, 708), (836, 908)]
[(276, 432), (532, 708), (836, 908)]
[(276, 432), (532, 708), (836, 908)]
[(272, 432), (532, 708), (828, 924)]
[(272, 432), (532, 708), (828, 924)]
[(272, 432), (532, 708), (828, 924)]
[(272, 432), (532, 708), (828, 924)]
[(272, 428), (524, 708), (828, 928)]
[(272, 428), (524, 708), (828, 928)]
[(272, 428), (524, 708), (828, 928)]
[(272, 428), (524, 708), (828, 928)]
[(264, 424), (524, 712), (824, 940)]
[(264, 424), (524, 712), (824, 940)]
[(264, 424), (524, 712), (824, 940)]
[(264, 424), (524, 712), (824, 940)]
[(260, 380), (388, 420), (524, 720), (828, 952)]
[(260, 380), (388, 420), (524, 720), (828, 952)]
[(260, 380), (388, 420), (524, 720), (828, 952)]
[(260, 380), (388, 420), (524, 720), (828, 952)]
[(256, 376), (396, 416), (524, 720), (840, 960)]
[(256, 376), (396, 416), (524, 720), (840, 960)]
[(256, 376), (396, 416), (524, 720), (840, 960)]
[(256, 376), (396, 416), (524, 720), (840, 960)]
[(252, 372), (520, 724), (844, 960)]
[(252, 372), (520, 724), (844, 960)]
[(252, 372), (520, 724), (844, 960)]
[(252, 372), (520, 724), (844, 960)]
[(248, 372), (516, 728), (840, 960)]
[(248, 372), (516, 728), (840, 960)]
[(248, 372), (516, 728), (840, 960)]
[(248, 372), (516, 728), (840, 960)]
[(244, 364), (516, 732), (836, 952)]
[(244, 364), (516, 732), (836, 952)]
[(244, 364), (516, 732), (836, 952)]
[(244, 364), (516, 732), (836, 952)]
[(244, 360), (512, 732), (832, 952)]
[(244, 360), (512, 732), (832, 952)]
[(244, 360), (512, 732), (832, 952)]
[(244, 360), (512, 732), (832, 952)]
[(236, 356), (508, 736), (828, 944)]
[(236, 356), (508, 736), (828, 944)]
[(236, 356), (508, 736), (828, 944)]
[(236, 356), (508, 736), (828, 944)]
[(236, 352), (504, 732), (820, 940)]
[(236, 352), (504, 732), (820, 940)]
[(236, 352), (504, 732), (820, 940)]
[(236, 352), (504, 732), (820, 940)]
[(232, 352), (512, 732), (820, 940)]
[(232, 352), (512, 732), (820, 940)]
[(232, 352), (512, 732), (820, 940)]
[(232, 352), (512, 732), (820, 940)]
[(228, 348), (500, 732), (816, 904), (912, 932)]
[(228, 348), (500, 732), (816, 904), (912, 932)]
[(228, 348), (500, 732), (816, 904), (912, 932)]
[(228, 348), (500, 732), (816, 904), (912, 932)]
[(220, 224), (228, 344), (500, 728), (812, 900)]
[(220, 224), (228, 344), (500, 728), (812, 900)]
[(220, 224), (228, 344), (500, 728), (812, 900)]
[(220, 224), (228, 344), (500, 728), (812, 900)]
[(220, 340), (500, 728), (808, 892)]
[(220, 340), (500, 728), (808, 892)]
[(220, 340), (500, 728), (808, 892)]
[(220, 340), (500, 728), (808, 892)]
[(216, 336), (500, 724), (800, 892)]
[(216, 336), (500, 724), (800, 892)]
[(216, 336), (500, 724), (800, 892)]
[(216, 336), (500, 724), (800, 892)]
[(212, 332), (500, 720), (800, 888)]
[(212, 332), (500, 720), (800, 888)]
[(212, 332), (500, 720), (800, 888)]
[(212, 332), (500, 720), (800, 888)]
[(208, 324), (508, 720), (792, 884)]
[(208, 324), (508, 720), (792, 884)]
[(208, 324), (508, 720), (792, 884)]
[(208, 324), (508, 720), (792, 884)]
[(208, 328), (504, 720), (792, 876)]
[(208, 328), (504, 720), (792, 876)]
[(208, 328), (504, 720), (792, 876)]
[(208, 328), (504, 720), (792, 876)]
[(204, 320), (512, 716), (784, 876)]
[(204, 320), (512, 716), (784, 876)]
[(204, 320), (512, 716), (784, 876)]
[(204, 320), (512, 716), (784, 876)]
[(196, 316), (512, 712), (784, 868)]
[(196, 316), (512, 712), (784, 868)]
[(196, 316), (512, 712), (784, 868)]
[(196, 316), (512, 712), (784, 868)]
[(196, 312), (516, 708), (780, 868)]
[(196, 312), (516, 708), (780, 868)]
[(196, 312), (516, 708), (780, 868)]
[(196, 312), (516, 708), (780, 868)]
[(204, 312), (520, 708), (776, 864)]
[(204, 312), (520, 708), (776, 864)]
[(204, 312), (520, 708), (776, 864)]
[(204, 312), (520, 708), (776, 864)]
[(216, 304), (524, 700), (772, 856)]
[(216, 304), (524, 700), (772, 856)]
[(216, 304), (524, 700), (772, 856)]
[(216, 304), (524, 700), (772, 856)]
[(228, 304), (524, 700), (764, 856)]
[(228, 304), (524, 700), (764, 856)]
[(228, 304), (524, 700), (764, 856)]
[(228, 304), (524, 700), (764, 856)]
[(240, 300), (524, 700), (764, 848)]
[(240, 300), (524, 700), (764, 848)]
[(240, 300), (524, 700), (764, 848)]
[(240, 300), (524, 700), (764, 848)]
[(248, 296), (528, 696), (772, 844)]
[(248, 296), (528, 696), (772, 844)]
[(248, 296), (528, 696), (772, 844)]
[(248, 296), (528, 696), (772, 844)]
[(260, 288), (532, 684), (784, 844)]
[(260, 288), (532, 684), (784, 844)]
[(260, 288), (532, 684), (784, 844)]
[(260, 288), (532, 684), (784, 844)]
[(272, 288), (552, 668), (792, 840)]
[(272, 288), (552, 668), (792, 840)]
[(272, 288), (552, 668), (792, 840)]
[(272, 288), (552, 668), (792, 840)]
[(572, 652), (808, 832)]
[(572, 652), (808, 832)]
[(572, 652), (808, 832)]
[(572, 652), (808, 832)]
[(600, 632), (816, 832)]
[(600, 632), (816, 832)]
[(600, 632), (816, 832)]
[(600, 632), (816, 832)]
[(604, 628)]
[(604, 628)]
[(604, 628)]
[(604, 628)]
[]
[]
[]
[]
[(244, 252), (464, 468)]
[(244, 252), (464, 468)]
[(244, 252), (464, 468)]
[(244, 252), (464, 468)]
[(224, 268), (456, 480)]
[(224, 268), (456, 480)]
[(224, 268), (456, 480)]
[(224, 268), (456, 480)]
[(204, 284), (452, 484)]
[(204, 284), (452, 484)]
[(204, 284), (452, 484)]
[(204, 284), (452, 484)]
[(188, 300), (444, 492)]
[(188, 300), (444, 492)]
[(188, 300), (444, 492)]
[(188, 300), (444, 492)]
[(176, 312), (436, 500)]
[(176, 312), (436, 500)]
[(176, 312), (436, 500)]
[(176, 312), (436, 500)]
[(176, 316), (432, 508)]
[(176, 316), (432, 508)]
[(176, 316), (432, 508)]
[(176, 316), (432, 508)]
[(176, 320), (428, 512)]
[(176, 320), (428, 512)]
[(176, 320), (428, 512)]
[(176, 320), (428, 512)]
[(172, 324), (420, 520)]
[(172, 324), (420, 520)]
[(172, 324), (420, 520)]
[(172, 324), (420, 520)]
[(168, 328), (412, 528)]
[(168, 328), (412, 528)]
[(168, 328), (412, 528)]
[(168, 328), (412, 528)]
[(168, 324), (408, 536)]
[(168, 324), (408, 536)]
[(168, 324), (408, 536)]
[(168, 324), (408, 536)]
[(160, 332), (400, 544)]
[(160, 332), (400, 544)]
[(160, 332), (400, 544)]
[(160, 332), (400, 544)]
[(160, 336), (396, 552)]
[(160, 336), (396, 552)]
[(160, 336), (396, 552)]
[(160, 336), (396, 552)]
[(160, 336), (388, 552)]
[(160, 336), (388, 552)]
[(160, 336), (388, 552)]
[(160, 336), (388, 552)]
[(156, 340), (380, 544)]
[(156, 340), (380, 544)]
[(156, 340), (380, 544)]
[(156, 340), (380, 544)]
[(156, 344), (376, 540)]
[(156, 344), (376, 540)]
[(156, 344), (376, 540)]
[(156, 344), (376, 540)]
[(156, 340), (372, 532)]
[(156, 340), (372, 532)]
[(156, 340), (372, 532)]
[(156, 340), (372, 532)]
[(156, 336), (364, 532)]
[(156, 336), (364, 532)]
[(156, 336), (364, 532)]
[(156, 336), (364, 532)]
[(160, 336), (360, 536)]
[(160, 336), (360, 536)]
[(160, 336), (360, 536)]
[(160, 336), (360, 536)]
[(160, 332), (352, 544)]
[(160, 332), (352, 544)]
[(160, 332), (352, 544)]
[(160, 332), (352, 544)]
[(160, 328), (352, 552)]
[(160, 328), (352, 552)]
[(160, 328), (352, 552)]
[(160, 328), (352, 552)]
[(168, 328), (356, 560)]
[(168, 328), (356, 560)]
[(168, 328), (356, 560)]
[(168, 328), (356, 560)]
[(168, 324), (364, 568)]
[(168, 324), (364, 568)]
[(168, 324), (364, 568)]
[(168, 324), (364, 568)]
[(176, 320), (372, 568)]
[(176, 320), (372, 568)]
[(176, 320), (372, 568)]
[(176, 320), (372, 568)]
[(176, 320), (376, 580)]
[(176, 320), (376, 580)]
[(176, 320), (376, 580)]
[(176, 320), (376, 580)]
[(176, 316), (388, 584)]
[(176, 316), (388, 584)]
[(176, 316), (388, 584)]
[(176, 316), (388, 584)]
[(192, 300), (392, 592)]
[(192, 300), (392, 592)]
[(192, 300), (392, 592)]
[(192, 300), (392, 592)]
[(200, 292), (400, 600)]
[(200, 292), (400, 600)]
[(200, 292), (400, 600)]
[(200, 292), (400, 600)]
[(216, 272), (404, 600)]
[(216, 272), (404, 600)]
[(216, 272), (404, 600)]
[(216, 272), (404, 600)]
[(240, 256), (412, 456), (464, 616)]
[(240, 256), (412, 456), (464, 616)]
[(240, 256), (412, 456), (464, 616)]
[(240, 256), (412, 456), (464, 616)]
[(420, 448), (472, 620)]
[(420, 448), (472, 620)]
[(420, 448), (472, 620)]
[(420, 448), (472, 620)]
[(428, 440), (480, 628)]
[(428, 440), (480, 628)]
[(428, 440), (480, 628)]
[(428, 440), (480, 628)]
[(488, 632)]
[(488, 632)]
[(488, 632)]
[(488, 632)]
[(488, 644)]
[(488, 644)]
[(488, 644)]
[(488, 644)]
[(500, 648)]
[(500, 648)]
[(500, 648)]
[(500, 648)]
[(504, 652)]
[(504, 652)]
[(504, 652)]
[(504, 652)]
[(512, 660)]
[(512, 660)]
[(512, 660)]
[(512, 660)]
[(520, 668)]
[(520, 668)]
[(520, 668)]
[(520, 668)]
[(524, 676)]
[(524, 676)]
[(524, 676)]
[(524, 676)]
[(532, 684)]
[(532, 684)]
[(532, 684)]
[(532, 684)]
[(536, 688)]
[(536, 688)]
[(536, 688)]
[(536, 688)]
[(548, 692)]
[(548, 692)]
[(548, 692)]
[(548, 692)]
[(556, 704)]
[(556, 704)]
[(556, 704)]
[(556, 704)]
[(560, 708)]
[(560, 708)]
[(560, 708)]
[(560, 708)]
[(568, 716)]
[(568, 716)]
[(568, 716)]
[(568, 716)]
[(576, 724)]
[(576, 724)]
[(576, 724)]
[(576, 724)]
[(580, 728)]
[(580, 728)]
[(580, 728)]
[(580, 728)]
[(588, 736)]
[(588, 736)]
[(588, 736)]
[(588, 736)]
[(592, 736)]
[(592, 736)]
[(592, 736)]
[(592, 736)]
[(604, 728)]
[(604, 728)]
[(604, 728)]
[(604, 728)]
[(608, 720)]
[(608, 720)]
[(608, 720)]
[(608, 720)]
[(616, 716)]
[(616, 716)]
[(616, 716)]
[(616, 716)]
[(620, 708)]
[(620, 708)]
[(620, 708)]
[(620, 708)]
[(628, 704)]
[(628, 704)]
[(628, 704)]
[(628, 704)]
[(636, 700)]
[(636, 700)]
[(636, 700)]
[(636, 700)]
[(640, 692)]
[(640, 692)]
[(640, 692)]
[(640, 692)]
[(648, 684)]
[(648, 684)]
[(648, 684)]
[(648, 684)]
[(652, 684)]
[(652, 684)]
[(652, 684)]
[(652, 684)]
[(660, 672)]
[(660, 672)]
[(660, 672)]
[(660, 672)]
[]
[]
[]
[]
[]
[]
[]
[]
[]
[]
[]
[]
[]
[]
[]
[]
[]
[]
[]
[]
[]
[]
[]
[]
[]
[]
[]
[]
[]
[]
[]
[]
[]
[]
[]
[]
[]
[]
[]
[]
[]
[]
[]
[]
[]
[]
[]
[]
[]
[]
[]
[]
[]
[]
[]
[]
[]
[]
[]
[]
[]
[]
[]
[]
[]
[]
[]
[]
[]
[]
[]
[]
[]
[]
[]
[]
[]
[]
[]
[]
[]
[]
[]
[]
[]
[]
[]
[]
[]
[]
[]
[]
[]
[]
[]
[]
[]
[]
[]
[]
[]
[]
[]
[]
[]
[]
[]
[]
