(256, 256)
[]
[]
[]
[]
[]
[]
[]
[]
[]
[]
[]
[]
[]
[]
[]
[]
[]
[]
[]
[]
[]
[]
[]
[]
[]
[]
[(54, 64)]
[(47, 70)]
[(43, 74)]
[(41, 77)]
[(39, 79)]
[(36, 82)]
[(35, 83)]
[(33, 85)]
[(32, 86)]
[(30, 87)]
[(29, 89)]
[(0, 256)]
[(0, 256)]
[(0, 256)]
[(0, 256)]
[(0, 256)]
[(0, 256)]
[(0, 256)]
[(0, 256)]
[(0, 256)]
[(0, 256)]
[(0, 256)]
[(0, 256)]
[(0, 256)]
[(0, 256)]
[(0, 256)]
[(0, 256)]
[(0, 256)]
[(0, 256)]
[(0, 256)]
[(0, 256)]
[(0, 256)]
[(0, 256)]
[(0, 256)]
[(0, 256)]
[(0, 256)]
[(0, 256)]
[(0, 256)]
[(0, 256)]
[(0, 256)]
[(0, 256)]
[(0, 256)]
[(0, 256)]
[(0, 256)]
[(0, 256)]
[(0, 256)]
[(0, 256)]
[(0, 256)]
[(27, 200)]
[(28, 201)]
[(29, 203)]
[(30, 205)]
[(31, 206)]
[(32, 206)]
[(34, 208)]
[(36, 209)]
[(38, 210)]
[(39, 78), (80, 211)]
[(42, 76), (79, 212)]
[(45, 72), (78, 213)]
[(50, 68), (77, 214)]
[(76, 215)]
[(75, 216)]
[(74, 217)]
[(74, 217)]
[(73, 218)]
[(72, 219)]
[(71, 219)]
[(71, 220)]
[(70, 221)]
[(69, 221)]
[(69, 222)]
[(68, 223)]
[(67, 223)]
[(67, 223)]
[(67, 224)]
[(66, 225)]
[(66, 225)]
[(65, 225)]
[(65, 226)]
[(65, 226)]
[(64, 227)]
[(64, 227)]
[(63, 227)]
[(63, 227)]
[(0, 256)]
[(0, 256)]
[(0, 256)]
[(0, 256)]
[(0, 256)]
[(0, 256)]
[(0, 256)]
[(0, 256)]
[(0, 256)]
[(0, 256)]
[(0, 256)]
[(0, 256)]
[(0, 256)]
[(0, 256)]
[(0, 256)]
[(0, 256)]
[(0, 256)]
[(0, 256)]
[(0, 256)]
[(0, 256)]
[(0, 256)]
[(0, 256)]
[(0, 256)]
[(0, 256)]
[(0, 256)]
[(0, 256)]
[(0, 256)]
[(0, 256)]
[(0, 256)]
[(0, 256)]
[(0, 256)]
[(0, 256)]
[(0, 256)]
[(0, 256)]
[(0, 256)]
[(0, 256)]
[(65, 225)]
[(66, 225)]
[(67, 224)]
[(67, 224)]
[(67, 223)]
[(68, 223)]
[(68, 223)]
[(69, 222)]
[(69, 221)]
[(70, 221)]
[(71, 220)]
[(71, 219)]
[(72, 219)]
[(73, 218)]
[(74, 217)]
[(74, 216)]
[(75, 216)]
[(76, 214)]
[(50, 68), (77, 214)]
[(45, 72), (78, 213)]
[(42, 76), (79, 212)]
[(39, 78), (80, 211)]
[(37, 80), (81, 210)]
[(35, 209)]
[(33, 207)]
[(32, 206)]
[(31, 206)]
[(30, 204)]
[(28, 202)]
[(28, 201)]
[(27, 200)]
[(26, 199)]
[(25, 93), (94, 197)]
[(24, 94), (96, 195)]
[(23, 94), (97, 193)]
[(23, 95), (99, 191)]
[(22, 96), (101, 189)]
[(0, 256)]
[(0, 256)]
[(0, 256)]
[(0, 256)]
[(0, 256)]
[(0, 256)]
[(0, 256)]
[(0, 256)]
[(0, 256)]
[(0, 256)]
[(0, 256)]
[(0, 256)]
[(0, 256)]
[(0, 256)]
[(0, 256)]
[(0, 256)]
[(0, 256)]
[(0, 256)]
[(0, 256)]
[(0, 256)]
[(0, 256)]
[(0, 256)]
[(0, 256)]
[(0, 256)]
[(0, 256)]
[(0, 256)]
[(0, 256)]
[(0, 256)]
[(0, 256)]
[(0, 256)]
[(0, 256)]
[(0, 256)]
[(0, 256)]
[(0, 256)]
[(0, 256)]
[(0, 256)]
[(0, 256)]
[(39, 79)]
[(41, 77)]
[(43, 74)]
[(47, 70)]
[(54, 64)]
[]
[]
[]
[]
[]
[]
[]
[]
[]
[]
[]
[]
[]
[]
[]
[]
[]
[]
[]
[]
[]
[]
[]
[]
[]
[]
[]
[]
[]
[]
