(256, 256)
[(0, 256)]
[(0, 256)]
[(0, 256)]
[(0, 256)]
[(0, 256)]
[(0, 256)]
[(0, 256)]
[(0, 256)]
[(0, 256)]
[(0, 256)]
[(0, 256)]
[(0, 256)]
[(0, 256)]
[(0, 256)]
[(0, 256)]
[(0, 256)]
[(0, 256)]
[(0, 256)]
[(0, 256)]
[(0, 256)]
[(0, 256)]
[(0, 256)]
[(0, 256)]
[(0, 256)]
[(0, 256)]
[(0, 256)]
[(0, 54), (64, 256)]
[(0, 47), (70, 256)]
[(0, 43), (74, 256)]
[(0, 41), (77, 256)]
[(0, 39), (79, 256)]
[(0, 36), (82, 256)]
[(0, 35), (83, 256)]
[(0, 33), (85, 256)]
[(0, 32), (86, 256)]
[(0, 30), (87, 256)]
[(0, 29), (89, 256)]
[(0, 28), (90, 256)]
[(0, 27), (90, 256)]
[(0, 26), (92, 256)]
[(0, 25), (92, 256)]
[(0, 25), (93, 256)]
[(0, 24), (94, 256)]
[(0, 23), (94, 256)]
[(0, 23), (95, 256)]
[(0, 22), (96, 256)]
[(0, 22), (96, 256)]
[(0, 21), (97, 256)]
[(0, 21), (97, 256)]
[(0, 21), (97, 256)]
[(0, 20), (98, 256)]
[(0, 20), (98, 256)]
[(0, 20), (98, 256)]
[(0, 19), (98, 256)]
[(0, 19), (98, 256)]
[(0, 19), (98, 256)]
[(0, 19), (98, 256)]
[(0, 19), (98, 256)]
[(0, 19), (98, 136), (155, 256)]
[(0, 19), (98, 128), (130, 131), (160, 256)]
[(0, 19), (98, 125), (166, 256)]
[(0, 20), (98, 120), (171, 256)]
[(0, 20), (98, 116), (175, 256)]
[(0, 21), (98, 113), (178, 256)]
[(0, 21), (97, 110), (181, 256)]
[(0, 21), (97, 108), (183, 256)]
[(0, 21), (96, 105), (186, 256)]
[(0, 22), (96, 103), (188, 256)]
[(0, 22), (95, 100), (190, 256)]
[(0, 23), (95, 98), (192, 256)]
[(0, 24), (94, 97), (194, 256)]
[(0, 24), (94, 95), (195, 256)]
[(0, 25), (93, 94), (197, 256)]
[(0, 26), (199, 256)]
[(0, 27), (200, 256)]
[(0, 28), (201, 256)]
[(0, 29), (203, 256)]
[(0, 30), (205, 256)]
[(0, 31), (206, 256)]
[(0, 32), (206, 256)]
[(0, 34), (208, 256)]
[(0, 36), (209, 256)]
[(0, 38), (210, 256)]
[(0, 39), (78, 80), (211, 256)]
[(0, 42), (76, 79), (212, 256)]
[(0, 45), (72, 78), (213, 256)]
[(0, 50), (68, 77), (214, 256)]
[(0, 76), (215, 256)]
[(0, 75), (216, 256)]
[(0, 74), (217, 256)]
[(0, 74), (217, 256)]
[(0, 73), (218, 256)]
[(0, 72), (219, 256)]
[(0, 71), (219, 256)]
[(0, 71), (220, 256)]
[(0, 70), (221, 256)]
[(0, 69), (221, 256)]
[(0, 69), (222, 256)]
[(0, 68), (223, 256)]
[(0, 67), (223, 256)]
[(0, 67), (223, 256)]
[(0, 67), (224, 256)]
[(0, 66), (225, 256)]
[(0, 66), (225, 256)]
[(0, 65), (225, 256)]
[(0, 65), (226, 256)]
[(0, 65), (226, 256)]
[(0, 64), (227, 256)]
[(0, 64), (227, 256)]
[(0, 63), (227, 256)]
[(0, 63), (227, 256)]
[(0, 63), (228, 256)]
[(0, 63), (228, 256)]
[(0, 63), (228, 256)]
[(0, 62), (229, 256)]
[(0, 62), (229, 256)]
[(0, 62), (229, 256)]
[(0, 62), (229, 256)]
[(0, 61), (229, 256)]
[(0, 61), (229, 256)]
[(0, 61), (229, 256)]
[(0, 61), (229, 256)]
[(0, 61), (229, 256)]
[(0, 61), (229, 256)]
[(0, 61), (229, 256)]
[(0, 61), (229, 256)]
[(0, 61), (229, 256)]
[(0, 61), (229, 256)]
[(0, 61), (229, 256)]
[(0, 61), (229, 256)]
[(0, 61), (229, 256)]
[(0, 61), (229, 256)]
[(0, 61), (229, 256)]
[(0, 61), (229, 256)]
[(0, 62), (229, 256)]
[(0, 62), (229, 256)]
[(0, 62), (229, 256)]
[(0, 63), (228, 256)]
[(0, 63), (228, 256)]
[(0, 63), (228, 256)]
[(0, 63), (228, 256)]
[(0, 63), (227, 256)]
[(0, 64), (227, 256)]
[(0, 64), (227, 256)]
[(0, 64), (227, 256)]
[(0, 65), (226, 256)]
[(0, 65), (225, 256)]
[(0, 65), (225, 256)]
[(0, 66), (225, 256)]
[(0, 67), (224, 256)]
[(0, 67), (224, 256)]
[(0, 67), (223, 256)]
[(0, 68), (223, 256)]
[(0, 68), (223, 256)]
[(0, 69), (222, 256)]
[(0, 69), (221, 256)]
[(0, 70), (221, 256)]
[(0, 71), (220, 256)]
[(0, 71), (219, 256)]
[(0, 72), (219, 256)]
[(0, 73), (218, 256)]
[(0, 74), (217, 256)]
[(0, 74), (216, 256)]
[(0, 75), (216, 256)]
[(0, 76), (214, 256)]
[(0, 50), (68, 77), (214, 256)]
[(0, 45), (72, 78), (213, 256)]
[(0, 42), (76, 79), (212, 256)]
[(0, 39), (78, 80), (211, 256)]
[(0, 37), (80, 81), (210, 256)]
[(0, 35), (209, 256)]
[(0, 33), (207, 256)]
[(0, 32), (206, 256)]
[(0, 31), (206, 256)]
[(0, 30), (204, 256)]
[(0, 28), (202, 256)]
[(0, 28), (201, 256)]
[(0, 27), (200, 256)]
[(0, 26), (199, 256)]
[(0, 25), (93, 94), (197, 256)]
[(0, 24), (94, 96), (195, 256)]
[(0, 23), (94, 97), (193, 256)]
[(0, 23), (95, 99), (191, 256)]
[(0, 22), (96, 101), (189, 256)]
[(0, 22), (96, 103), (187, 256)]
[(0, 21), (96, 105), (186, 256)]
[(0, 21), (97, 108), (183, 256)]
[(0, 21), (97, 110), (180, 256)]
[(0, 20), (98, 113), (178, 256)]
[(0, 20), (98, 116), (174, 256)]
[(0, 20), (98, 120), (170, 256)]
[(0, 19), (98, 125), (166, 256)]
[(0, 19), (98, 131), (160, 256)]
[(0, 19), (98, 256)]
[(0, 19), (98, 256)]
[(0, 19), (98, 256)]
[(0, 19), (98, 256)]
[(0, 19), (98, 256)]
[(0, 19), (98, 256)]
[(0, 20), (98, 256)]
[(0, 20), (98, 256)]
[(0, 20), (98, 256)]
[(0, 21), (97, 256)]
[(0, 21), (97, 256)]
[(0, 21), (96, 256)]
[(0, 22), (96, 256)]
[(0, 22), (96, 256)]
[(0, 23), (95, 256)]
[(0, 23), (94, 256)]
[(0, 24), (94, 256)]
[(0, 25), (93, 256)]
[(0, 25), (92, 256)]
[(0, 26), (92, 256)]
[(0, 27), (90, 256)]
[(0, 28), (90, 256)]
[(0, 29), (88, 256)]
[(0, 31), (87, 256)]
[(0, 32), (86, 256)]
[(0, 33), (84, 256)]
[(0, 35), (83, 256)]
[(0, 36), (81, 256)]
[(0, 39), (79, 256)]
[(0, 41), (77, 256)]
[(0, 43), (74, 256)]
[(0, 47), (70, 256)]
[(0, 54), (64, 256)]
[(0, 256)]
[(0, 256)]
[(0, 256)]
[(0, 256)]
[(0, 256)]
[(0, 256)]
[(0, 256)]
[(0, 256)]
[(0, 256)]
[(0, 256)]
[(0, 256)]
[(0, 256)]
[(0, 256)]
[(0, 256)]
[(0, 256)]
[(0, 256)]
[(0, 256)]
[(0, 256)]
[(0, 256)]
[(0, 256)]
[(0, 256)]
[(0, 256)]
[(0, 256)]
[(0, 256)]
[(0, 256)]
[(0, 256)]
[(0, 256)]
[(0, 256)]
[(0, 256)]
[(0, 256)]
