(256, 256)
[(0, 256)]
[(0, 256)]
[(0, 256)]
[(0, 256)]
[(0, 256)]
[(0, 256)]
[(0, 256)]
[(0, 256)]
[(0, 256)]
[(0, 256)]
[(0, 256)]
[(0, 256)]
[(0, 256)]
[(0, 256)]
[(0, 256)]
[(0, 256)]
[(0, 256)]
[(0, 256)]
[(0, 256)]
[(0, 256)]
[(0, 256)]
[(0, 256)]
[(0, 103), (108, 256)]
[(0, 100), (108, 256)]
[(0, 96), (110, 256)]
[(0, 92), (110, 256)]
[(0, 89), (110, 256)]
[(0, 86), (112, 256)]
[(0, 83), (113, 256)]
[(0, 81), (113, 256)]
[(0, 76), (114, 256)]
[(0, 74), (115, 150), (155, 256)]
[(0, 71), (111, 150), (158, 256)]
[(0, 69), (109, 148), (160, 256)]
[(0, 69), (108, 147), (162, 256)]
[(0, 70), (108, 146), (165, 256)]
[(0, 71), (110, 145), (168, 256)]
[(0, 72), (110, 145), (170, 256)]
[(0, 48), (53, 72), (112, 143), (172, 256)]
[(0, 47), (56, 73), (112, 142), (174, 256)]
[(0, 46), (59, 74), (113, 140), (178, 256)]
[(0, 45), (62, 75), (114, 140), (180, 256)]
[(0, 44), (66, 76), (83, 85), (115, 138), (183, 256)]
[(0, 44), (69, 77), (79, 87), (116, 138), (184, 256)]
[(0, 42), (70, 87), (117, 141), (186, 256)]
[(0, 42), (74, 89), (118, 144), (189, 256)]
[(0, 41), (76, 89), (117, 146), (192, 256)]
[(0, 40), (80, 89), (119, 148), (193, 256)]
[(0, 39), (82, 91), (119, 150), (196, 256)]
[(0, 38), (85, 92), (121, 153), (199, 256)]
[(0, 37), (87, 93), (121, 156), (201, 212), (216, 256)]
[(0, 39), (86, 87), (88, 94), (121, 158), (203, 211), (220, 256)]
[(0, 41), (86, 94), (123, 161), (206, 210), (223, 256)]
[(0, 44), (84, 95), (124, 163), (225, 256)]
[(0, 44), (84, 96), (125, 165), (227, 256)]
[(0, 42), (83, 97), (125, 167), (229, 256)]
[(0, 41), (82, 98), (126, 170), (232, 256)]
[(0, 40), (81, 98), (127, 172), (234, 256)]
[(0, 40), (80, 100), (129, 175), (236, 256)]
[(0, 39), (78, 100), (126, 177), (236, 256)]
[(0, 38), (78, 100), (123, 148), (154, 179), (180, 181), (235, 256)]
[(0, 37), (76, 102), (120, 146), (168, 183), (234, 256)]
[(0, 36), (66, 69), (76, 102), (118, 144), (169, 184), (233, 256)]
[(0, 35), (65, 104), (114, 142), (170, 187), (232, 256)]
[(0, 34), (64, 105), (112, 141), (172, 189), (231, 256)]
[(0, 33), (63, 106), (109, 140), (173, 193), (229, 256)]
[(0, 32), (62, 138), (175, 195), (228, 256)]
[(0, 31), (60, 137), (176, 194), (225, 226), (227, 256)]
[(0, 30), (60, 135), (178, 193), (226, 256)]
[(0, 29), (60, 134), (177, 192), (225, 256)]
[(0, 29), (58, 135), (178, 191), (225, 256)]
[(0, 27), (57, 135), (178, 191), (224, 256)]
[(0, 27), (56, 134), (178, 191), (222, 256)]
[(0, 25), (56, 135), (178, 195), (221, 256)]
[(0, 24), (54, 135), (178, 197), (220, 256)]
[(0, 24), (54, 134), (178, 200), (219, 256)]
[(0, 23), (53, 135), (178, 202), (218, 256)]
[(0, 22), (51, 134), (178, 204), (217, 256)]
[(0, 21), (51, 134), (178, 206), (216, 256)]
[(0, 20), (49, 135), (178, 209), (215, 256)]
[(0, 20), (49, 136), (178, 211), (214, 256)]
[(0, 18), (47, 138), (175, 256)]
[(0, 17), (47, 138), (174, 256)]
[(0, 16), (46, 140), (173, 256)]
[(0, 15), (45, 142), (170, 256)]
[(0, 14), (44, 144), (169, 256)]
[(0, 16), (44, 65), (72, 145), (167, 256)]
[(0, 19), (43, 57), (58, 59), (75, 149), (154, 156), (160, 162), (164, 256)]
[(0, 22), (41, 42), (43, 53), (77, 256)]
[(0, 23), (40, 52), (81, 256)]
[(0, 26), (40, 51), (83, 256)]
[(0, 29), (39, 50), (85, 256)]
[(0, 31), (39, 49), (86, 256)]
[(0, 48), (87, 176), (181, 256)]
[(0, 47), (88, 174), (187, 188), (191, 193), (194, 256)]
[(0, 47), (88, 120), (125, 172), (196, 256)]
[(0, 46), (88, 118), (130, 170), (197, 256)]
[(0, 44), (89, 116), (134, 167), (199, 256)]
[(0, 44), (88, 113), (134, 165), (199, 256)]
[(0, 44), (89, 112), (136, 163), (201, 256)]
[(0, 44), (89, 111), (136, 163), (202, 256)]
[(0, 45), (89, 111), (138, 162), (203, 256)]
[(0, 45), (90, 111), (138, 162), (204, 256)]
[(0, 45), (89, 110), (138, 162), (205, 256)]
[(0, 46), (89, 110), (138, 161), (205, 256)]
[(0, 47), (88, 109), (138, 161), (203, 256)]
[(0, 47), (87, 109), (138, 163), (205, 256)]
[(0, 47), (86, 108), (138, 161), (203, 256)]
[(0, 48), (85, 108), (136, 162), (204, 256)]
[(0, 50), (84, 109), (136, 160), (204, 256)]
[(0, 52), (83, 109), (136, 160), (204, 256)]
[(0, 53), (82, 110), (136, 161), (204, 256)]
[(0, 57), (80, 111), (135, 162), (203, 256)]
[(0, 59), (74, 113), (134, 163), (203, 256)]
[(0, 62), (68, 113), (133, 164), (203, 256)]
[(0, 116), (129, 166), (201, 256)]
[(0, 121), (127, 167), (200, 256)]
[(0, 168), (197, 256)]
[(0, 170), (195, 256)]
[(0, 76), (77, 172), (193, 256)]
[(0, 74), (81, 181), (190, 256)]
[(0, 74), (82, 256)]
[(0, 72), (85, 256)]
[(0, 72), (89, 256)]
[(0, 70), (91, 256)]
[(0, 70), (94, 256)]
[(0, 68), (97, 256)]
[(0, 68), (100, 256)]
[(0, 67), (102, 256)]
[(0, 66), (105, 256)]
[(0, 67), (108, 256)]
[(0, 68), (110, 150), (156, 256)]
[(0, 72), (112, 146), (162, 256)]
[(0, 74), (112, 143), (166, 212), (216, 256)]
[(0, 72), (112, 139), (171, 212), (219, 256)]
[(0, 71), (110, 136), (175, 211), (222, 256)]
[(0, 70), (110, 134), (175, 209), (224, 256)]
[(0, 69), (108, 133), (177, 209), (227, 256)]
[(0, 68), (108, 133), (177, 207), (231, 256)]
[(0, 68), (107, 131), (177, 207), (232, 256)]
[(0, 66), (106, 131), (178, 206), (235, 256)]
[(0, 65), (95, 97), (105, 131), (180, 207), (238, 256)]
[(0, 64), (94, 99), (104, 131), (180, 210), (240, 256)]
[(0, 63), (93, 130), (181, 211), (240, 256)]
[(0, 62), (93, 129), (182, 210), (240, 256)]
[(0, 61), (91, 129), (183, 209), (238, 256)]
[(0, 61), (90, 128), (183, 208), (238, 256)]
[(0, 59), (89, 127), (184, 207), (236, 256)]
[(0, 59), (88, 126), (183, 205), (235, 256)]
[(0, 58), (88, 128), (183, 205), (235, 256)]
[(0, 57), (87, 125), (183, 204), (226, 228), (233, 256)]
[(0, 55), (56, 57), (86, 125), (182, 203), (225, 256)]
[(0, 55), (85, 125), (182, 202), (223, 256)]
[(0, 54), (84, 125), (181, 200), (223, 256)]
[(0, 53), (83, 125), (180, 200), (222, 256)]
[(0, 52), (81, 127), (180, 198), (221, 256)]
[(0, 52), (82, 126), (180, 198), (219, 256)]
[(0, 51), (80, 128), (179, 196), (219, 256)]
[(0, 49), (79, 128), (178, 196), (217, 256)]
[(0, 49), (78, 129), (177, 195), (217, 256)]
[(0, 51), (78, 130), (177, 194), (216, 256)]
[(0, 54), (76, 131), (175, 193), (214, 256)]
[(0, 57), (76, 131), (175, 191), (214, 256)]
[(0, 60), (75, 131), (175, 191), (212, 256)]
[(0, 62), (74, 132), (174, 193), (211, 256)]
[(0, 65), (72, 133), (171, 196), (211, 256)]
[(0, 68), (72, 138), (167, 198), (210, 256)]
[(0, 143), (163, 202), (208, 256)]
[(0, 150), (158, 204), (208, 256)]
[(0, 151), (157, 256)]
[(0, 256)]
[(0, 61), (63, 116), (117, 256)]
[(0, 56), (67, 114), (120, 256)]
[(0, 51), (71, 113), (121, 256)]
[(0, 47), (75, 111), (123, 256)]
[(0, 44), (78, 109), (125, 256)]
[(0, 44), (79, 108), (127, 256)]
[(0, 44), (80, 107), (128, 256)]
[(0, 43), (81, 105), (130, 256)]
[(0, 42), (82, 103), (132, 256)]
[(0, 42), (81, 102), (134, 256)]
[(0, 40), (83, 100), (136, 256)]
[(0, 40), (84, 99), (138, 256)]
[(0, 40), (84, 97), (138, 256)]
[(0, 39), (85, 95), (136, 256)]
[(0, 39), (86, 94), (135, 256)]
[(0, 39), (85, 93), (133, 256)]
[(0, 39), (84, 91), (133, 256)]
[(0, 40), (84, 90), (134, 256)]
[(0, 40), (83, 88), (136, 256)]
[(0, 40), (82, 88), (138, 256)]
[(0, 42), (82, 89), (140, 256)]
[(0, 42), (81, 91), (142, 256)]
[(0, 44), (80, 93), (142, 256)]
[(0, 44), (80, 94), (145, 256)]
[(0, 44), (79, 97), (146, 256)]
[(0, 48), (75, 98), (148, 256)]
[(0, 50), (73, 100), (150, 256)]
[(0, 54), (68, 101), (150, 256)]
[(0, 60), (64, 103), (114, 116), (154, 256)]
[(0, 105), (112, 118), (155, 256)]
[(0, 107), (110, 120), (157, 256)]
[(0, 122), (158, 256)]
[(0, 122), (161, 256)]
[(0, 125), (162, 256)]
[(0, 126), (163, 256)]
[(0, 128), (165, 256)]
[(0, 130), (167, 256)]
[(0, 131), (169, 256)]
[(0, 133), (171, 256)]
[(0, 134), (172, 256)]
[(0, 137), (173, 256)]
[(0, 139), (176, 256)]
[(0, 140), (177, 256)]
[(0, 142), (179, 256)]
[(0, 144), (181, 256)]
[(0, 145), (182, 256)]
[(0, 147), (184, 256)]
[(0, 148), (184, 256)]
[(0, 151), (182, 256)]
[(0, 152), (180, 256)]
[(0, 154), (179, 256)]
[(0, 155), (177, 256)]
[(0, 157), (176, 256)]
[(0, 159), (175, 256)]
[(0, 160), (173, 256)]
[(0, 162), (171, 256)]
[(0, 163), (171, 256)]
[(0, 165), (168, 256)]
[(0, 256)]
[(0, 256)]
[(0, 256)]
[(0, 256)]
[(0, 256)]
[(0, 256)]
[(0, 256)]
[(0, 256)]
[(0, 256)]
[(0, 256)]
[(0, 256)]
[(0, 256)]
[(0, 256)]
[(0, 256)]
[(0, 256)]
[(0, 256)]
[(0, 256)]
[(0, 256)]
[(0, 256)]
[(0, 256)]
[(0, 256)]
[(0, 256)]
[(0, 256)]
[(0, 256)]
[(0, 256)]
[(0, 256)]
[(0, 256)]
